0,295066119848702 0,416716847485923 -0,950120221742807 -0,953762648235336 0,64968598937025 0,997738776544562 0,695009571093075 -0,167576097078463 -0,871077640952854 -0,53757231848212 -0,068802000651261 0,869735418932883 0,483590314406697 -0,234727240923608 -0,956559867187776 -0,987971471513423 -0,540056323304272 -0,26723818103255 0,946817700462495 0,963590724541833 0
0,0676269083571335 0,295066119848702 0,416716847485923 -0,950120221742807 -0,953762648235336 0,64968598937025 0,997738776544562 0,695009571093075 -0,167576097078463 -0,871077640952854 -0,53757231848212 -0,068802000651261 0,869735418932883 0,483590314406697 -0,234727240923608 -0,956559867187776 -0,987971471513423 -0,540056323304272 -0,26723818103255 0,946817700462495 0,963590724541833
-0,200976238567225 0,0676269083571335 0,295066119848702 0,416716847485923 -0,950120221742807 -0,953762648235336 0,64968598937025 0,997738776544562 0,695009571093075 -0,167576097078463 -0,871077640952854 -0,53757231848212 -0,068802000651261 0,869735418932883 0,483590314406697 -0,234727240923608 -0,956559867187776 -0,987971471513423 -0,540056323304272 -0,26723818103255 0,946817700462495
-0,93068052853598 -0,200976238567225 0,0676269083571335 0,295066119848702 0,416716847485923 -0,950120221742807 -0,953762648235336 0,64968598937025 0,997738776544562 0,695009571093075 -0,167576097078463 -0,871077640952854 -0,53757231848212 -0,068802000651261 0,869735418932883 0,483590314406697 -0,234727240923608 -0,956559867187776 -0,987971471513423 -0,540056323304272 -0,26723818103255
-0,901359548366075 -0,93068052853598 -0,200976238567225 0,0676269083571335 0,295066119848702 0,416716847485923 -0,950120221742807 -0,953762648235336 0,64968598937025 0,997738776544562 0,695009571093075 -0,167576097078463 -0,871077640952854 -0,53757231848212 -0,068802000651261 0,869735418932883 0,483590314406697 -0,234727240923608 -0,956559867187776 -0,987971471513423 -0,540056323304272
0,0432615383053404 -0,901359548366075 -0,93068052853598 -0,200976238567225 0,0676269083571335 0,295066119848702 0,416716847485923 -0,950120221742807 -0,953762648235336 0,64968598937025 0,997738776544562 0,695009571093075 -0,167576097078463 -0,871077640952854 -0,53757231848212 -0,068802000651261 0,869735418932883 0,483590314406697 -0,234727240923608 -0,956559867187776 -0,987971471513423
0,331718773027827 0,0432615383053404 -0,901359548366075 -0,93068052853598 -0,200976238567225 0,0676269083571335 0,295066119848702 0,416716847485923 -0,950120221742807 -0,953762648235336 0,64968598937025 0,997738776544562 0,695009571093075 -0,167576097078463 -0,871077640952854 -0,53757231848212 -0,068802000651261 0,869735418932883 0,483590314406697 -0,234727240923608 -0,956559867187776
0,902007458784865 0,331718773027827 0,0432615383053404 -0,901359548366075 -0,93068052853598 -0,200976238567225 0,0676269083571335 0,295066119848702 0,416716847485923 -0,950120221742807 -0,953762648235336 0,64968598937025 0,997738776544562 0,695009571093075 -0,167576097078463 -0,871077640952854 -0,53757231848212 -0,068802000651261 0,869735418932883 0,483590314406697 -0,234727240923608
0,951928060088609 0,902007458784865 0,331718773027827 0,0432615383053404 -0,901359548366075 -0,93068052853598 -0,200976238567225 0,0676269083571335 0,295066119848702 0,416716847485923 -0,950120221742807 -0,953762648235336 0,64968598937025 0,997738776544562 0,695009571093075 -0,167576097078463 -0,871077640952854 -0,53757231848212 -0,068802000651261 0,869735418932883 0,483590314406697
0,0857964382337652 0,951928060088609 0,902007458784865 0,331718773027827 0,0432615383053404 -0,901359548366075 -0,93068052853598 -0,200976238567225 0,0676269083571335 0,295066119848702 0,416716847485923 -0,950120221742807 -0,953762648235336 0,64968598937025 0,997738776544562 0,695009571093075 -0,167576097078463 -0,871077640952854 -0,53757231848212 -0,068802000651261 0,869735418932883
-0,40604610677934 0,0857964382337652 0,951928060088609 0,902007458784865 0,331718773027827 0,0432615383053404 -0,901359548366075 -0,93068052853598 -0,200976238567225 0,0676269083571335 0,295066119848702 0,416716847485923 -0,950120221742807 -0,953762648235336 0,64968598937025 0,997738776544562 0,695009571093075 -0,167576097078463 -0,871077640952854 -0,53757231848212 -0,068802000651261
-0,67241247806193 -0,40604610677934 0,0857964382337652 0,951928060088609 0,902007458784865 0,331718773027827 0,0432615383053404 -0,901359548366075 -0,93068052853598 -0,200976238567225 0,0676269083571335 0,295066119848702 0,416716847485923 -0,950120221742807 -0,953762648235336 0,64968598937025 0,997738776544562 0,695009571093075 -0,167576097078463 -0,871077640952854 -0,53757231848212
0,412812759080374 -0,67241247806193 -0,40604610677934 0,0857964382337652 0,951928060088609 0,902007458784865 0,331718773027827 0,0432615383053404 -0,901359548366075 -0,93068052853598 -0,200976238567225 0,0676269083571335 0,295066119848702 0,416716847485923 -0,950120221742807 -0,953762648235336 0,64968598937025 0,997738776544562 0,695009571093075 -0,167576097078463 -0,871077640952854
0,606760821271712 0,412812759080374 -0,67241247806193 -0,40604610677934 0,0857964382337652 0,951928060088609 0,902007458784865 0,331718773027827 0,0432615383053404 -0,901359548366075 -0,93068052853598 -0,200976238567225 0,0676269083571335 0,295066119848702 0,416716847485923 -0,950120221742807 -0,953762648235336 0,64968598937025 0,997738776544562 0,695009571093075 -0,167576097078463
0,61581249522598 0,606760821271712 0,412812759080374 -0,67241247806193 -0,40604610677934 0,0857964382337652 0,951928060088609 0,902007458784865 0,331718773027827 0,0432615383053404 -0,901359548366075 -0,93068052853598 -0,200976238567225 0,0676269083571335 0,295066119848702 0,416716847485923 -0,950120221742807 -0,953762648235336 0,64968598937025 0,997738776544562 0,695009571093075
-0,221296548611903 0,61581249522598 0,606760821271712 0,412812759080374 -0,67241247806193 -0,40604610677934 0,0857964382337652 0,951928060088609 0,902007458784865 0,331718773027827 0,0432615383053404 -0,901359548366075 -0,93068052853598 -0,200976238567225 0,0676269083571335 0,295066119848702 0,416716847485923 -0,950120221742807 -0,953762648235336 0,64968598937025 0,997738776544562
-0,646841915216834 -0,221296548611903 0,61581249522598 0,606760821271712 0,412812759080374 -0,67241247806193 -0,40604610677934 0,0857964382337652 0,951928060088609 0,902007458784865 0,331718773027827 0,0432615383053404 -0,901359548366075 -0,93068052853598 -0,200976238567225 0,0676269083571335 0,295066119848702 0,416716847485923 -0,950120221742807 -0,953762648235336 0,64968598937025
-0,979758504206594 -0,646841915216834 -0,221296548611903 0,61581249522598 0,606760821271712 0,412812759080374 -0,67241247806193 -0,40604610677934 0,0857964382337652 0,951928060088609 0,902007458784865 0,331718773027827 0,0432615383053404 -0,901359548366075 -0,93068052853598 -0,200976238567225 0,0676269083571335 0,295066119848702 0,416716847485923 -0,950120221742807 -0,953762648235336
-0,568465158805115 -0,979758504206594 -0,646841915216834 -0,221296548611903 0,61581249522598 0,606760821271712 0,412812759080374 -0,67241247806193 -0,40604610677934 0,0857964382337652 0,951928060088609 0,902007458784865 0,331718773027827 0,0432615383053404 -0,901359548366075 -0,93068052853598 -0,200976238567225 0,0676269083571335 0,295066119848702 0,416716847485923 -0,950120221742807
0,983442886250902 -0,568465158805115 -0,979758504206594 -0,646841915216834 -0,221296548611903 0,61581249522598 0,606760821271712 0,412812759080374 -0,67241247806193 -0,40604610677934 0,0857964382337652 0,951928060088609 0,902007458784865 0,331718773027827 0,0432615383053404 -0,901359548366075 -0,93068052853598 -0,200976238567225 0,0676269083571335 0,295066119848702 0,416716847485923
0,997471117555525 0,983442886250902 -0,568465158805115 -0,979758504206594 -0,646841915216834 -0,221296548611903 0,61581249522598 0,606760821271712 0,412812759080374 -0,67241247806193 -0,40604610677934 0,0857964382337652 0,951928060088609 0,902007458784865 0,331718773027827 0,0432615383053404 -0,901359548366075 -0,93068052853598 -0,200976238567225 0,0676269083571335 0,295066119848702
0,0859962482135388 0,997471117555525 0,983442886250902 -0,568465158805115 -0,979758504206594 -0,646841915216834 -0,221296548611903 0,61581249522598 0,606760821271712 0,412812759080374 -0,67241247806193 -0,40604610677934 0,0857964382337652 0,951928060088609 0,902007458784865 0,331718773027827 0,0432615383053404 -0,901359548366075 -0,93068052853598 -0,200976238567225 0,0676269083571335
-0,158631690866155 0,0859962482135388 0,997471117555525 0,983442886250902 -0,568465158805115 -0,979758504206594 -0,646841915216834 -0,221296548611903 0,61581249522598 0,606760821271712 0,412812759080374 -0,67241247806193 -0,40604610677934 0,0857964382337652 0,951928060088609 0,902007458784865 0,331718773027827 0,0432615383053404 -0,901359548366075 -0,93068052853598 -0,200976238567225
0,00282321372984053 -0,158631690866155 0,0859962482135388 0,997471117555525 0,983442886250902 -0,568465158805115 -0,979758504206594 -0,646841915216834 -0,221296548611903 0,61581249522598 0,606760821271712 0,412812759080374 -0,67241247806193 -0,40604610677934 0,0857964382337652 0,951928060088609 0,902007458784865 0,331718773027827 0,0432615383053404 -0,901359548366075 -0,93068052853598
0,659548480264463 0,00282321372984053 -0,158631690866155 0,0859962482135388 0,997471117555525 0,983442886250902 -0,568465158805115 -0,979758504206594 -0,646841915216834 -0,221296548611903 0,61581249522598 0,606760821271712 0,412812759080374 -0,67241247806193 -0,40604610677934 0,0857964382337652 0,951928060088609 0,902007458784865 0,331718773027827 0,0432615383053404 -0,901359548366075
0,914146755985337 0,659548480264463 0,00282321372984053 -0,158631690866155 0,0859962482135388 0,997471117555525 0,983442886250902 -0,568465158805115 -0,979758504206594 -0,646841915216834 -0,221296548611903 0,61581249522598 0,606760821271712 0,412812759080374 -0,67241247806193 -0,40604610677934 0,0857964382337652 0,951928060088609 0,902007458784865 0,331718773027827 0,0432615383053404
0,855812882439587 0,914146755985337 0,659548480264463 0,00282321372984053 -0,158631690866155 0,0859962482135388 0,997471117555525 0,983442886250902 -0,568465158805115 -0,979758504206594 -0,646841915216834 -0,221296548611903 0,61581249522598 0,606760821271712 0,412812759080374 -0,67241247806193 -0,40604610677934 0,0857964382337652 0,951928060088609 0,902007458784865 0,331718773027827
0,538085844887934 0,855812882439587 0,914146755985337 0,659548480264463 0,00282321372984053 -0,158631690866155 0,0859962482135388 0,997471117555525 0,983442886250902 -0,568465158805115 -0,979758504206594 -0,646841915216834 -0,221296548611903 0,61581249522598 0,606760821271712 0,412812759080374 -0,67241247806193 -0,40604610677934 0,0857964382337652 0,951928060088609 0,902007458784865
0,0603784591832339 0,538085844887934 0,855812882439587 0,914146755985337 0,659548480264463 0,00282321372984053 -0,158631690866155 0,0859962482135388 0,997471117555525 0,983442886250902 -0,568465158805115 -0,979758504206594 -0,646841915216834 -0,221296548611903 0,61581249522598 0,606760821271712 0,412812759080374 -0,67241247806193 -0,40604610677934 0,0857964382337652 0,951928060088609
-0,507386053246162 0,0603784591832339 0,538085844887934 0,855812882439587 0,914146755985337 0,659548480264463 0,00282321372984053 -0,158631690866155 0,0859962482135388 0,997471117555525 0,983442886250902 -0,568465158805115 -0,979758504206594 -0,646841915216834 -0,221296548611903 0,61581249522598 0,606760821271712 0,412812759080374 -0,67241247806193 -0,40604610677934 0,0857964382337652
-0,792934400076762 -0,507386053246162 0,0603784591832339 0,538085844887934 0,855812882439587 0,914146755985337 0,659548480264463 0,00282321372984053 -0,158631690866155 0,0859962482135388 0,997471117555525 0,983442886250902 -0,568465158805115 -0,979758504206594 -0,646841915216834 -0,221296548611903 0,61581249522598 0,606760821271712 0,412812759080374 -0,67241247806193 -0,40604610677934
0,47772315569915 -0,792934400076762 -0,507386053246162 0,0603784591832339 0,538085844887934 0,855812882439587 0,914146755985337 0,659548480264463 0,00282321372984053 -0,158631690866155 0,0859962482135388 0,997471117555525 0,983442886250902 -0,568465158805115 -0,979758504206594 -0,646841915216834 -0,221296548611903 0,61581249522598 0,606760821271712 0,412812759080374 -0,67241247806193
0,578419333091352 0,47772315569915 -0,792934400076762 -0,507386053246162 0,0603784591832339 0,538085844887934 0,855812882439587 0,914146755985337 0,659548480264463 0,00282321372984053 -0,158631690866155 0,0859962482135388 0,997471117555525 0,983442886250902 -0,568465158805115 -0,979758504206594 -0,646841915216834 -0,221296548611903 0,61581249522598 0,606760821271712 0,412812759080374
0,00281687919387974 0,578419333091352 0,47772315569915 -0,792934400076762 -0,507386053246162 0,0603784591832339 0,538085844887934 0,855812882439587 0,914146755985337 0,659548480264463 0,00282321372984053 -0,158631690866155 0,0859962482135388 0,997471117555525 0,983442886250902 -0,568465158805115 -0,979758504206594 -0,646841915216834 -0,221296548611903 0,61581249522598 0,606760821271712
-0,916495865991685 0,00281687919387974 0,578419333091352 0,47772315569915 -0,792934400076762 -0,507386053246162 0,0603784591832339 0,538085844887934 0,855812882439587 0,914146755985337 0,659548480264463 0,00282321372984053 -0,158631690866155 0,0859962482135388 0,997471117555525 0,983442886250902 -0,568465158805115 -0,979758504206594 -0,646841915216834 -0,221296548611903 0,61581249522598
-0,932860244352649 -0,916495865991685 0,00281687919387974 0,578419333091352 0,47772315569915 -0,792934400076762 -0,507386053246162 0,0603784591832339 0,538085844887934 0,855812882439587 0,914146755985337 0,659548480264463 0,00282321372984053 -0,158631690866155 0,0859962482135388 0,997471117555525 0,983442886250902 -0,568465158805115 -0,979758504206594 -0,646841915216834 -0,221296548611903
0,0881647932009988 -0,932860244352649 -0,916495865991685 0,00281687919387974 0,578419333091352 0,47772315569915 -0,792934400076762 -0,507386053246162 0,0603784591832339 0,538085844887934 0,855812882439587 0,914146755985337 0,659548480264463 0,00282321372984053 -0,158631690866155 0,0859962482135388 0,997471117555525 0,983442886250902 -0,568465158805115 -0,979758504206594 -0,646841915216834
0,847015953149039 0,0881647932009988 -0,932860244352649 -0,916495865991685 0,00281687919387974 0,578419333091352 0,47772315569915 -0,792934400076762 -0,507386053246162 0,0603784591832339 0,538085844887934 0,855812882439587 0,914146755985337 0,659548480264463 0,00282321372984053 -0,158631690866155 0,0859962482135388 0,997471117555525 0,983442886250902 -0,568465158805115 -0,979758504206594
0,885921615871251 0,847015953149039 0,0881647932009988 -0,932860244352649 -0,916495865991685 0,00281687919387974 0,578419333091352 0,47772315569915 -0,792934400076762 -0,507386053246162 0,0603784591832339 0,538085844887934 0,855812882439587 0,914146755985337 0,659548480264463 0,00282321372984053 -0,158631690866155 0,0859962482135388 0,997471117555525 0,983442886250902 -0,568465158805115
0,543982613132381 0,885921615871251 0,847015953149039 0,0881647932009988 -0,932860244352649 -0,916495865991685 0,00281687919387974 0,578419333091352 0,47772315569915 -0,792934400076762 -0,507386053246162 0,0603784591832339 0,538085844887934 0,855812882439587 0,914146755985337 0,659548480264463 0,00282321372984053 -0,158631690866155 0,0859962482135388 0,997471117555525 0,983442886250902
-0,0476375867070724 0,543982613132381 0,885921615871251 0,847015953149039 0,0881647932009988 -0,932860244352649 -0,916495865991685 0,00281687919387974 0,578419333091352 0,47772315569915 -0,792934400076762 -0,507386053246162 0,0603784591832339 0,538085844887934 0,855812882439587 0,914146755985337 0,659548480264463 0,00282321372984053 -0,158631690866155 0,0859962482135388 0,997471117555525
-0,75470044298866 -0,0476375867070724 0,543982613132381 0,885921615871251 0,847015953149039 0,0881647932009988 -0,932860244352649 -0,916495865991685 0,00281687919387974 0,578419333091352 0,47772315569915 -0,792934400076762 -0,507386053246162 0,0603784591832339 0,538085844887934 0,855812882439587 0,914146755985337 0,659548480264463 0,00282321372984053 -0,158631690866155 0,0859962482135388
-0,974325938605729 -0,75470044298866 -0,0476375867070724 0,543982613132381 0,885921615871251 0,847015953149039 0,0881647932009988 -0,932860244352649 -0,916495865991685 0,00281687919387974 0,578419333091352 0,47772315569915 -0,792934400076762 -0,507386053246162 0,0603784591832339 0,538085844887934 0,855812882439587 0,914146755985337 0,659548480264463 0,00282321372984053 -0,158631690866155
-0,683107342397718 -0,974325938605729 -0,75470044298866 -0,0476375867070724 0,543982613132381 0,885921615871251 0,847015953149039 0,0881647932009988 -0,932860244352649 -0,916495865991685 0,00281687919387974 0,578419333091352 0,47772315569915 -0,792934400076762 -0,507386053246162 0,0603784591832339 0,538085844887934 0,855812882439587 0,914146755985337 0,659548480264463 0,00282321372984053
0,542579541017114 -0,683107342397718 -0,974325938605729 -0,75470044298866 -0,0476375867070724 0,543982613132381 0,885921615871251 0,847015953149039 0,0881647932009988 -0,932860244352649 -0,916495865991685 0,00281687919387974 0,578419333091352 0,47772315569915 -0,792934400076762 -0,507386053246162 0,0603784591832339 0,538085844887934 0,855812882439587 0,914146755985337 0,659548480264463
0,518922506969381 0,542579541017114 -0,683107342397718 -0,974325938605729 -0,75470044298866 -0,0476375867070724 0,543982613132381 0,885921615871251 0,847015953149039 0,0881647932009988 -0,932860244352649 -0,916495865991685 0,00281687919387974 0,578419333091352 0,47772315569915 -0,792934400076762 -0,507386053246162 0,0603784591832339 0,538085844887934 0,855812882439587 0,914146755985337
-0,846872629562889 0,518922506969381 0,542579541017114 -0,683107342397718 -0,974325938605729 -0,75470044298866 -0,0476375867070724 0,543982613132381 0,885921615871251 0,847015953149039 0,0881647932009988 -0,932860244352649 -0,916495865991685 0,00281687919387974 0,578419333091352 0,47772315569915 -0,792934400076762 -0,507386053246162 0,0603784591832339 0,538085844887934 0,855812882439587
-0,977057144989902 -0,846872629562889 0,518922506969381 0,542579541017114 -0,683107342397718 -0,974325938605729 -0,75470044298866 -0,0476375867070724 0,543982613132381 0,885921615871251 0,847015953149039 0,0881647932009988 -0,932860244352649 -0,916495865991685 0,00281687919387974 0,578419333091352 0,47772315569915 -0,792934400076762 -0,507386053246162 0,0603784591832339 0,538085844887934
-0,999032308132793 -0,977057144989902 -0,846872629562889 0,518922506969381 0,542579541017114 -0,683107342397718 -0,974325938605729 -0,75470044298866 -0,0476375867070724 0,543982613132381 0,885921615871251 0,847015953149039 0,0881647932009988 -0,932860244352649 -0,916495865991685 0,00281687919387974 0,578419333091352 0,47772315569915 -0,792934400076762 -0,507386053246162 0,0603784591832339
-0,896382569285683 -0,999032308132793 -0,977057144989902 -0,846872629562889 0,518922506969381 0,542579541017114 -0,683107342397718 -0,974325938605729 -0,75470044298866 -0,0476375867070724 0,543982613132381 0,885921615871251 0,847015953149039 0,0881647932009988 -0,932860244352649 -0,916495865991685 0,00281687919387974 0,578419333091352 0,47772315569915 -0,792934400076762 -0,507386053246162