0,416717 -0,95012 -0,953763 0,649686 0,997739 0,69501 -0,167576 -0,871078 -0,537572 -0,068802 0,869735 0,48359 -0,234727 -0,95656 -0,987971 -0,540056 -0,267238 0,946818 0,963591 0 
0,295066 0,416717 -0,95012 -0,953763 0,649686 0,997739 0,69501 -0,167576 -0,871078 -0,537572 -0,068802 0,869735 0,48359 -0,234727 -0,95656 -0,987971 -0,540056 -0,267238 0,946818 0,963591 
0,067627 0,295066 0,416717 -0,95012 -0,953763 0,649686 0,997739 0,69501 -0,167576 -0,871078 -0,537572 -0,068802 0,869735 0,48359 -0,234727 -0,95656 -0,987971 -0,540056 -0,267238 0,946818 
-0,200976 0,067627 0,295066 0,416717 -0,95012 -0,953763 0,649686 0,997739 0,69501 -0,167576 -0,871078 -0,537572 -0,068802 0,869735 0,48359 -0,234727 -0,95656 -0,987971 -0,540056 -0,267238 
-0,930681 -0,200976 0,067627 0,295066 0,416717 -0,95012 -0,953763 0,649686 0,997739 0,69501 -0,167576 -0,871078 -0,537572 -0,068802 0,869735 0,48359 -0,234727 -0,95656 -0,987971 -0,540056 
-0,90136 -0,930681 -0,200976 0,067627 0,295066 0,416717 -0,95012 -0,953763 0,649686 0,997739 0,69501 -0,167576 -0,871078 -0,537572 -0,068802 0,869735 0,48359 -0,234727 -0,95656 -0,987971 
0,043262 -0,90136 -0,930681 -0,200976 0,067627 0,295066 0,416717 -0,95012 -0,953763 0,649686 0,997739 0,69501 -0,167576 -0,871078 -0,537572 -0,068802 0,869735 0,48359 -0,234727 -0,95656 
0,331719 0,043262 -0,90136 -0,930681 -0,200976 0,067627 0,295066 0,416717 -0,95012 -0,953763 0,649686 0,997739 0,69501 -0,167576 -0,871078 -0,537572 -0,068802 0,869735 0,48359 -0,234727 
0,902007 0,331719 0,043262 -0,90136 -0,930681 -0,200976 0,067627 0,295066 0,416717 -0,95012 -0,953763 0,649686 0,997739 0,69501 -0,167576 -0,871078 -0,537572 -0,068802 0,869735 0,48359 
0,951928 0,902007 0,331719 0,043262 -0,90136 -0,930681 -0,200976 0,067627 0,295066 0,416717 -0,95012 -0,953763 0,649686 0,997739 0,69501 -0,167576 -0,871078 -0,537572 -0,068802 0,869735 
0,085796 0,951928 0,902007 0,331719 0,043262 -0,90136 -0,930681 -0,200976 0,067627 0,295066 0,416717 -0,95012 -0,953763 0,649686 0,997739 0,69501 -0,167576 -0,871078 -0,537572 -0,068802 
-0,406046 0,085796 0,951928 0,902007 0,331719 0,043262 -0,90136 -0,930681 -0,200976 0,067627 0,295066 0,416717 -0,95012 -0,953763 0,649686 0,997739 0,69501 -0,167576 -0,871078 -0,537572 
-0,672412 -0,406046 0,085796 0,951928 0,902007 0,331719 0,043262 -0,90136 -0,930681 -0,200976 0,067627 0,295066 0,416717 -0,95012 -0,953763 0,649686 0,997739 0,69501 -0,167576 -0,871078 
0,412813 -0,672412 -0,406046 0,085796 0,951928 0,902007 0,331719 0,043262 -0,90136 -0,930681 -0,200976 0,067627 0,295066 0,416717 -0,95012 -0,953763 0,649686 0,997739 0,69501 -0,167576 
0,606761 0,412813 -0,672412 -0,406046 0,085796 0,951928 0,902007 0,331719 0,043262 -0,90136 -0,930681 -0,200976 0,067627 0,295066 0,416717 -0,95012 -0,953763 0,649686 0,997739 0,69501 
0,615812 0,606761 0,412813 -0,672412 -0,406046 0,085796 0,951928 0,902007 0,331719 0,043262 -0,90136 -0,930681 -0,200976 0,067627 0,295066 0,416717 -0,95012 -0,953763 0,649686 0,997739 
-0,221297 0,615812 0,606761 0,412813 -0,672412 -0,406046 0,085796 0,951928 0,902007 0,331719 0,043262 -0,90136 -0,930681 -0,200976 0,067627 0,295066 0,416717 -0,95012 -0,953763 0,649686 
-0,646842 -0,221297 0,615812 0,606761 0,412813 -0,672412 -0,406046 0,085796 0,951928 0,902007 0,331719 0,043262 -0,90136 -0,930681 -0,200976 0,067627 0,295066 0,416717 -0,95012 -0,953763 
-0,979759 -0,646842 -0,221297 0,615812 0,606761 0,412813 -0,672412 -0,406046 0,085796 0,951928 0,902007 0,331719 0,043262 -0,90136 -0,930681 -0,200976 0,067627 0,295066 0,416717 -0,95012 
-0,568465 -0,979759 -0,646842 -0,221297 0,615812 0,606761 0,412813 -0,672412 -0,406046 0,085796 0,951928 0,902007 0,331719 0,043262 -0,90136 -0,930681 -0,200976 0,067627 0,295066 0,416717 
0,983443 -0,568465 -0,979759 -0,646842 -0,221297 0,615812 0,606761 0,412813 -0,672412 -0,406046 0,085796 0,951928 0,902007 0,331719 0,043262 -0,90136 -0,930681 -0,200976 0,067627 0,295066 
0,997471 0,983443 -0,568465 -0,979759 -0,646842 -0,221297 0,615812 0,606761 0,412813 -0,672412 -0,406046 0,085796 0,951928 0,902007 0,331719 0,043262 -0,90136 -0,930681 -0,200976 0,067627 
0,085996 0,997471 0,983443 -0,568465 -0,979759 -0,646842 -0,221297 0,615812 0,606761 0,412813 -0,672412 -0,406046 0,085796 0,951928 0,902007 0,331719 0,043262 -0,90136 -0,930681 -0,200976 
-0,158632 0,085996 0,997471 0,983443 -0,568465 -0,979759 -0,646842 -0,221297 0,615812 0,606761 0,412813 -0,672412 -0,406046 0,085796 0,951928 0,902007 0,331719 0,043262 -0,90136 -0,930681 
0,002823 -0,158632 0,085996 0,997471 0,983443 -0,568465 -0,979759 -0,646842 -0,221297 0,615812 0,606761 0,412813 -0,672412 -0,406046 0,085796 0,951928 0,902007 0,331719 0,043262 -0,90136 
0,659548 0,002823 -0,158632 0,085996 0,997471 0,983443 -0,568465 -0,979759 -0,646842 -0,221297 0,615812 0,606761 0,412813 -0,672412 -0,406046 0,085796 0,951928 0,902007 0,331719 0,043262 
0,914147 0,659548 0,002823 -0,158632 0,085996 0,997471 0,983443 -0,568465 -0,979759 -0,646842 -0,221297 0,615812 0,606761 0,412813 -0,672412 -0,406046 0,085796 0,951928 0,902007 0,331719 
0,855813 0,914147 0,659548 0,002823 -0,158632 0,085996 0,997471 0,983443 -0,568465 -0,979759 -0,646842 -0,221297 0,615812 0,606761 0,412813 -0,672412 -0,406046 0,085796 0,951928 0,902007 
0,538086 0,855813 0,914147 0,659548 0,002823 -0,158632 0,085996 0,997471 0,983443 -0,568465 -0,979759 -0,646842 -0,221297 0,615812 0,606761 0,412813 -0,672412 -0,406046 0,085796 0,951928 
0,060378 0,538086 0,855813 0,914147 0,659548 0,002823 -0,158632 0,085996 0,997471 0,983443 -0,568465 -0,979759 -0,646842 -0,221297 0,615812 0,606761 0,412813 -0,672412 -0,406046 0,085796 
-0,507386 0,060378 0,538086 0,855813 0,914147 0,659548 0,002823 -0,158632 0,085996 0,997471 0,983443 -0,568465 -0,979759 -0,646842 -0,221297 0,615812 0,606761 0,412813 -0,672412 -0,406046 
-0,792934 -0,507386 0,060378 0,538086 0,855813 0,914147 0,659548 0,002823 -0,158632 0,085996 0,997471 0,983443 -0,568465 -0,979759 -0,646842 -0,221297 0,615812 0,606761 0,412813 -0,672412 
0,477723 -0,792934 -0,507386 0,060378 0,538086 0,855813 0,914147 0,659548 0,002823 -0,158632 0,085996 0,997471 0,983443 -0,568465 -0,979759 -0,646842 -0,221297 0,615812 0,606761 0,412813 
0,578419 0,477723 -0,792934 -0,507386 0,060378 0,538086 0,855813 0,914147 0,659548 0,002823 -0,158632 0,085996 0,997471 0,983443 -0,568465 -0,979759 -0,646842 -0,221297 0,615812 0,606761 
0,002817 0,578419 0,477723 -0,792934 -0,507386 0,060378 0,538086 0,855813 0,914147 0,659548 0,002823 -0,158632 0,085996 0,997471 0,983443 -0,568465 -0,979759 -0,646842 -0,221297 0,615812 
-0,916496 0,002817 0,578419 0,477723 -0,792934 -0,507386 0,060378 0,538086 0,855813 0,914147 0,659548 0,002823 -0,158632 0,085996 0,997471 0,983443 -0,568465 -0,979759 -0,646842 -0,221297 
-0,93286 -0,916496 0,002817 0,578419 0,477723 -0,792934 -0,507386 0,060378 0,538086 0,855813 0,914147 0,659548 0,002823 -0,158632 0,085996 0,997471 0,983443 -0,568465 -0,979759 -0,646842 
0,088165 -0,93286 -0,916496 0,002817 0,578419 0,477723 -0,792934 -0,507386 0,060378 0,538086 0,855813 0,914147 0,659548 0,002823 -0,158632 0,085996 0,997471 0,983443 -0,568465 -0,979759 
0,847016 0,088165 -0,93286 -0,916496 0,002817 0,578419 0,477723 -0,792934 -0,507386 0,060378 0,538086 0,855813 0,914147 0,659548 0,002823 -0,158632 0,085996 0,997471 0,983443 -0,568465 
0,885922 0,847016 0,088165 -0,93286 -0,916496 0,002817 0,578419 0,477723 -0,792934 -0,507386 0,060378 0,538086 0,855813 0,914147 0,659548 0,002823 -0,158632 0,085996 0,997471 0,983443 
0,543983 0,885922 0,847016 0,088165 -0,93286 -0,916496 0,002817 0,578419 0,477723 -0,792934 -0,507386 0,060378 0,538086 0,855813 0,914147 0,659548 0,002823 -0,158632 0,085996 0,997471 
-0,047638 0,543983 0,885922 0,847016 0,088165 -0,93286 -0,916496 0,002817 0,578419 0,477723 -0,792934 -0,507386 0,060378 0,538086 0,855813 0,914147 0,659548 0,002823 -0,158632 0,085996 
-0,7547 -0,047638 0,543983 0,885922 0,847016 0,088165 -0,93286 -0,916496 0,002817 0,578419 0,477723 -0,792934 -0,507386 0,060378 0,538086 0,855813 0,914147 0,659548 0,002823 -0,158632 
-0,974326 -0,7547 -0,047638 0,543983 0,885922 0,847016 0,088165 -0,93286 -0,916496 0,002817 0,578419 0,477723 -0,792934 -0,507386 0,060378 0,538086 0,855813 0,914147 0,659548 0,002823 
-0,683107 -0,974326 -0,7547 -0,047638 0,543983 0,885922 0,847016 0,088165 -0,93286 -0,916496 0,002817 0,578419 0,477723 -0,792934 -0,507386 0,060378 0,538086 0,855813 0,914147 0,659548 
0,54258 -0,683107 -0,974326 -0,7547 -0,047638 0,543983 0,885922 0,847016 0,088165 -0,93286 -0,916496 0,002817 0,578419 0,477723 -0,792934 -0,507386 0,060378 0,538086 0,855813 0,914147 
0,518923 0,54258 -0,683107 -0,974326 -0,7547 -0,047638 0,543983 0,885922 0,847016 0,088165 -0,93286 -0,916496 0,002817 0,578419 0,477723 -0,792934 -0,507386 0,060378 0,538086 0,855813 
-0,846873 0,518923 0,54258 -0,683107 -0,974326 -0,7547 -0,047638 0,543983 0,885922 0,847016 0,088165 -0,93286 -0,916496 0,002817 0,578419 0,477723 -0,792934 -0,507386 0,060378 0,538086 
-0,977057 -0,846873 0,518923 0,54258 -0,683107 -0,974326 -0,7547 -0,047638 0,543983 0,885922 0,847016 0,088165 -0,93286 -0,916496 0,002817 0,578419 0,477723 -0,792934 -0,507386 0,060378 
-0,999032 -0,977057 -0,846873 0,518923 0,54258 -0,683107 -0,974326 -0,7547 -0,047638 0,543983 0,885922 0,847016 0,088165 -0,93286 -0,916496 0,002817 0,578419 0,477723 -0,792934 -0,507386 
-0,896383 -0,999032 -0,977057 -0,846873 0,518923 0,54258 -0,683107 -0,974326 -0,7547 -0,047638 0,543983 0,885922 0,847016 0,088165 -0,93286 -0,916496 0,002817 0,578419 0,477723 -0,792934 
0,111108 -0,896383 -0,999032 -0,977057 -0,846873 0,518923 0,54258 -0,683107 -0,974326 -0,7547 -0,047638 0,543983 0,885922 0,847016 0,088165 -0,93286 -0,916496 0,002817 0,578419 0,477723 
0,300967 0,111108 -0,896383 -0,999032 -0,977057 -0,846873 0,518923 0,54258 -0,683107 -0,974326 -0,7547 -0,047638 0,543983 0,885922 0,847016 0,088165 -0,93286 -0,916496 0,002817 0,578419 
-0,106758 0,300967 0,111108 -0,896383 -0,999032 -0,977057 -0,846873 0,518923 0,54258 -0,683107 -0,974326 -0,7547 -0,047638 0,543983 0,885922 0,847016 0,088165 -0,93286 -0,916496 0,002817 
-0,997528 -0,106758 0,300967 0,111108 -0,896383 -0,999032 -0,977057 -0,846873 0,518923 0,54258 -0,683107 -0,974326 -0,7547 -0,047638 0,543983 0,885922 0,847016 0,088165 -0,93286 -0,916496 
-0,999549 -0,997528 -0,106758 0,300967 0,111108 -0,896383 -0,999032 -0,977057 -0,846873 0,518923 0,54258 -0,683107 -0,974326 -0,7547 -0,047638 0,543983 0,885922 0,847016 0,088165 -0,93286 
0,565915 -0,999549 -0,997528 -0,106758 0,300967 0,111108 -0,896383 -0,999032 -0,977057 -0,846873 0,518923 0,54258 -0,683107 -0,974326 -0,7547 -0,047638 0,543983 0,885922 0,847016 0,088165 
0,999895 0,565915 -0,999549 -0,997528 -0,106758 0,300967 0,111108 -0,896383 -0,999032 -0,977057 -0,846873 0,518923 0,54258 -0,683107 -0,974326 -0,7547 -0,047638 0,543983 0,885922 0,847016 
0,767083 0,999895 0,565915 -0,999549 -0,997528 -0,106758 0,300967 0,111108 -0,896383 -0,999032 -0,977057 -0,846873 0,518923 0,54258 -0,683107 -0,974326 -0,7547 -0,047638 0,543983 0,885922 
-0,402075 0,767083 0,999895 0,565915 -0,999549 -0,997528 -0,106758 0,300967 0,111108 -0,896383 -0,999032 -0,977057 -0,846873 0,518923 0,54258 -0,683107 -0,974326 -0,7547 -0,047638 0,543983 
-0,990755 -0,402075 0,767083 0,999895 0,565915 -0,999549 -0,997528 -0,106758 0,300967 0,111108 -0,896383 -0,999032 -0,977057 -0,846873 0,518923 0,54258 -0,683107 -0,974326 -0,7547 -0,047638 
-0,792994 -0,990755 -0,402075 0,767083 0,999895 0,565915 -0,999549 -0,997528 -0,106758 0,300967 0,111108 -0,896383 -0,999032 -0,977057 -0,846873 0,518923 0,54258 -0,683107 -0,974326 -0,7547 
0,291025 -0,792994 -0,990755 -0,402075 0,767083 0,999895 0,565915 -0,999549 -0,997528 -0,106758 0,300967 0,111108 -0,896383 -0,999032 -0,977057 -0,846873 0,518923 0,54258 -0,683107 -0,974326 
0,915021 0,291025 -0,792994 -0,990755 -0,402075 0,767083 0,999895 0,565915 -0,999549 -0,997528 -0,106758 0,300967 0,111108 -0,896383 -0,999032 -0,977057 -0,846873 0,518923 0,54258 -0,683107 
0,971737 0,915021 0,291025 -0,792994 -0,990755 -0,402075 0,767083 0,999895 0,565915 -0,999549 -0,997528 -0,106758 0,300967 0,111108 -0,896383 -0,999032 -0,977057 -0,846873 0,518923 0,54258 
0,74471 0,971737 0,915021 0,291025 -0,792994 -0,990755 -0,402075 0,767083 0,999895 0,565915 -0,999549 -0,997528 -0,106758 0,300967 0,111108 -0,896383 -0,999032 -0,977057 -0,846873 0,518923 
0,424643 0,74471 0,971737 0,915021 0,291025 -0,792994 -0,990755 -0,402075 0,767083 0,999895 0,565915 -0,999549 -0,997528 -0,106758 0,300967 0,111108 -0,896383 -0,999032 -0,977057 -0,846873 
-0,970517 0,424643 0,74471 0,971737 0,915021 0,291025 -0,792994 -0,990755 -0,402075 0,767083 0,999895 0,565915 -0,999549 -0,997528 -0,106758 0,300967 0,111108 -0,896383 -0,999032 -0,977057 
-0,983992 -0,970517 0,424643 0,74471 0,971737 0,915021 0,291025 -0,792994 -0,990755 -0,402075 0,767083 0,999895 0,565915 -0,999549 -0,997528 -0,106758 0,300967 0,111108 -0,896383 -0,999032 
0,061256 -0,983992 -0,970517 0,424643 0,74471 0,971737 0,915021 0,291025 -0,792994 -0,990755 -0,402075 0,767083 0,999895 0,565915 -0,999549 -0,997528 -0,106758 0,300967 0,111108 -0,896383 
0,169696 0,061256 -0,983992 -0,970517 0,424643 0,74471 0,971737 0,915021 0,291025 -0,792994 -0,990755 -0,402075 0,767083 0,999895 0,565915 -0,999549 -0,997528 -0,106758 0,300967 0,111108 
0,275364 0,169696 0,061256 -0,983992 -0,970517 0,424643 0,74471 0,971737 0,915021 0,291025 -0,792994 -0,990755 -0,402075 0,767083 0,999895 0,565915 -0,999549 -0,997528 -0,106758 0,300967 
0,335536 0,275364 0,169696 0,061256 -0,983992 -0,970517 0,424643 0,74471 0,971737 0,915021 0,291025 -0,792994 -0,990755 -0,402075 0,767083 0,999895 0,565915 -0,999549 -0,997528 -0,106758 
-0,98804 0,335536 0,275364 0,169696 0,061256 -0,983992 -0,970517 0,424643 0,74471 0,971737 0,915021 0,291025 -0,792994 -0,990755 -0,402075 0,767083 0,999895 0,565915 -0,999549 -0,997528 
-0,991712 -0,98804 0,335536 0,275364 0,169696 0,061256 -0,983992 -0,970517 0,424643 0,74471 0,971737 0,915021 0,291025 -0,792994 -0,990755 -0,402075 0,767083 0,999895 0,565915 -0,999549 
0,656232 -0,991712 -0,98804 0,335536 0,275364 0,169696 0,061256 -0,983992 -0,970517 0,424643 0,74471 0,971737 0,915021 0,291025 -0,792994 -0,990755 -0,402075 0,767083 0,999895 0,565915 
0,994573 0,656232 -0,991712 -0,98804 0,335536 0,275364 0,169696 0,061256 -0,983992 -0,970517 0,424643 0,74471 0,971737 0,915021 0,291025 -0,792994 -0,990755 -0,402075 0,767083 0,999895 
0,690168 0,994573 0,656232 -0,991712 -0,98804 0,335536 0,275364 0,169696 0,061256 -0,983992 -0,970517 0,424643 0,74471 0,971737 0,915021 0,291025 -0,792994 -0,990755 -0,402075 0,767083 
0,314027 0,690168 0,994573 0,656232 -0,991712 -0,98804 0,335536 0,275364 0,169696 0,061256 -0,983992 -0,970517 0,424643 0,74471 0,971737 0,915021 0,291025 -0,792994 -0,990755 -0,402075 
-0,4439 0,314027 0,690168 0,994573 0,656232 -0,991712 -0,98804 0,335536 0,275364 0,169696 0,061256 -0,983992 -0,970517 0,424643 0,74471 0,971737 0,915021 0,291025 -0,792994 -0,990755 
-0,792656 -0,4439 0,314027 0,690168 0,994573 0,656232 -0,991712 -0,98804 0,335536 0,275364 0,169696 0,061256 -0,983992 -0,970517 0,424643 0,74471 0,971737 0,915021 0,291025 -0,792994 
-0,742356 -0,792656 -0,4439 0,314027 0,690168 0,994573 0,656232 -0,991712 -0,98804 0,335536 0,275364 0,169696 0,061256 -0,983992 -0,970517 0,424643 0,74471 0,971737 0,915021 0,291025 
0,221094 -0,742356 -0,792656 -0,4439 0,314027 0,690168 0,994573 0,656232 -0,991712 -0,98804 0,335536 0,275364 0,169696 0,061256 -0,983992 -0,970517 0,424643 0,74471 0,971737 0,915021 
0,607411 0,221094 -0,742356 -0,792656 -0,4439 0,314027 0,690168 0,994573 0,656232 -0,991712 -0,98804 0,335536 0,275364 0,169696 0,061256 -0,983992 -0,970517 0,424643 0,74471 0,971737 
0,492385 0,607411 0,221094 -0,742356 -0,792656 -0,4439 0,314027 0,690168 0,994573 0,656232 -0,991712 -0,98804 0,335536 0,275364 0,169696 0,061256 -0,983992 -0,970517 0,424643 0,74471 
-0,724247 0,492385 0,607411 0,221094 -0,742356 -0,792656 -0,4439 0,314027 0,690168 0,994573 0,656232 -0,991712 -0,98804 0,335536 0,275364 0,169696 0,061256 -0,983992 -0,970517 0,424643 
-0,402381 -0,724247 0,492385 0,607411 0,221094 -0,742356 -0,792656 -0,4439 0,314027 0,690168 0,994573 0,656232 -0,991712 -0,98804 0,335536 0,275364 0,169696 0,061256 -0,983992 -0,970517 
0,180453 -0,402381 -0,724247 0,492385 0,607411 0,221094 -0,742356 -0,792656 -0,4439 0,314027 0,690168 0,994573 0,656232 -0,991712 -0,98804 0,335536 0,275364 0,169696 0,061256 -0,983992 
0,865632 0,180453 -0,402381 -0,724247 0,492385 0,607411 0,221094 -0,742356 -0,792656 -0,4439 0,314027 0,690168 0,994573 0,656232 -0,991712 -0,98804 0,335536 0,275364 0,169696 0,061256 
0,95979 0,865632 0,180453 -0,402381 -0,724247 0,492385 0,607411 0,221094 -0,742356 -0,792656 -0,4439 0,314027 0,690168 0,994573 0,656232 -0,991712 -0,98804 0,335536 0,275364 0,169696 
0,991217 0,95979 0,865632 0,180453 -0,402381 -0,724247 0,492385 0,607411 0,221094 -0,742356 -0,792656 -0,4439 0,314027 0,690168 0,994573 0,656232 -0,991712 -0,98804 0,335536 0,275364 
0,809685 0,991217 0,95979 0,865632 0,180453 -0,402381 -0,724247 0,492385 0,607411 0,221094 -0,742356 -0,792656 -0,4439 0,314027 0,690168 0,994573 0,656232 -0,991712 -0,98804 0,335536 
-0,662112 0,809685 0,991217 0,95979 0,865632 0,180453 -0,402381 -0,724247 0,492385 0,607411 0,221094 -0,742356 -0,792656 -0,4439 0,314027 0,690168 0,994573 0,656232 -0,991712 -0,98804 
-0,664565 -0,662112 0,809685 0,991217 0,95979 0,865632 0,180453 -0,402381 -0,724247 0,492385 0,607411 0,221094 -0,742356 -0,792656 -0,4439 0,314027 0,690168 0,994573 0,656232 -0,991712 
0,784977 -0,664565 -0,662112 0,809685 0,991217 0,95979 0,865632 0,180453 -0,402381 -0,724247 0,492385 0,607411 0,221094 -0,742356 -0,792656 -0,4439 0,314027 0,690168 0,994573 0,656232 
0,999632 0,784977 -0,664565 -0,662112 0,809685 0,991217 0,95979 0,865632 0,180453 -0,402381 -0,724247 0,492385 0,607411 0,221094 -0,742356 -0,792656 -0,4439 0,314027 0,690168 0,994573 
0,846389 0,999632 0,784977 -0,664565 -0,662112 0,809685 0,991217 0,95979 0,865632 0,180453 -0,402381 -0,724247 0,492385 0,607411 0,221094 -0,742356 -0,792656 -0,4439 0,314027 0,690168 
0,695404 0,846389 0,999632 0,784977 -0,664565 -0,662112 0,809685 0,991217 0,95979 0,865632 0,180453 -0,402381 -0,724247 0,492385 0,607411 0,221094 -0,742356 -0,792656 -0,4439 0,314027 
0,12097 0,695404 0,846389 0,999632 0,784977 -0,664565 -0,662112 0,809685 0,991217 0,95979 0,865632 0,180453 -0,402381 -0,724247 0,492385 0,607411 0,221094 -0,742356 -0,792656 -0,4439 
-0,80481 0,12097 0,695404 0,846389 0,999632 0,784977 -0,664565 -0,662112 0,809685 0,991217 0,95979 0,865632 0,180453 -0,402381 -0,724247 0,492385 0,607411 0,221094 -0,742356 -0,792656 
-0,97439 -0,80481 0,12097 0,695404 0,846389 0,999632 0,784977 -0,664565 -0,662112 0,809685 0,991217 0,95979 0,865632 0,180453 -0,402381 -0,724247 0,492385 0,607411 0,221094 -0,742356 
-0,250532 -0,97439 -0,80481 0,12097 0,695404 0,846389 0,999632 0,784977 -0,664565 -0,662112 0,809685 0,991217 0,95979 0,865632 0,180453 -0,402381 -0,724247 0,492385 0,607411 0,221094 
0,563141 -0,250532 -0,97439 -0,80481 0,12097 0,695404 0,846389 0,999632 0,784977 -0,664565 -0,662112 0,809685 0,991217 0,95979 0,865632 0,180453 -0,402381 -0,724247 0,492385 0,607411 
0,959113 0,563141 -0,250532 -0,97439 -0,80481 0,12097 0,695404 0,846389 0,999632 0,784977 -0,664565 -0,662112 0,809685 0,991217 0,95979 0,865632 0,180453 -0,402381 -0,724247 0,492385 
0,306727 0,959113 0,563141 -0,250532 -0,97439 -0,80481 0,12097 0,695404 0,846389 0,999632 0,784977 -0,664565 -0,662112 0,809685 0,991217 0,95979 0,865632 0,180453 -0,402381 -0,724247 
-0,716313 0,306727 0,959113 0,563141 -0,250532 -0,97439 -0,80481 0,12097 0,695404 0,846389 0,999632 0,784977 -0,664565 -0,662112 0,809685 0,991217 0,95979 0,865632 0,180453 -0,402381 
-0,998676 -0,716313 0,306727 0,959113 0,563141 -0,250532 -0,97439 -0,80481 0,12097 0,695404 0,846389 0,999632 0,784977 -0,664565 -0,662112 0,809685 0,991217 0,95979 0,865632 0,180453 
-0,615457 -0,998676 -0,716313 0,306727 0,959113 0,563141 -0,250532 -0,97439 -0,80481 0,12097 0,695404 0,846389 0,999632 0,784977 -0,664565 -0,662112 0,809685 0,991217 0,95979 0,865632 
0,985376 -0,615457 -0,998676 -0,716313 0,306727 0,959113 0,563141 -0,250532 -0,97439 -0,80481 0,12097 0,695404 0,846389 0,999632 0,784977 -0,664565 -0,662112 0,809685 0,991217 0,95979 
0,978947 0,985376 -0,615457 -0,998676 -0,716313 0,306727 0,959113 0,563141 -0,250532 -0,97439 -0,80481 0,12097 0,695404 0,846389 0,999632 0,784977 -0,664565 -0,662112 0,809685 0,991217 
-0,209425 0,978947 0,985376 -0,615457 -0,998676 -0,716313 0,306727 0,959113 0,563141 -0,250532 -0,97439 -0,80481 0,12097 0,695404 0,846389 0,999632 0,784977 -0,664565 -0,662112 0,809685 
-0,212543 -0,209425 0,978947 0,985376 -0,615457 -0,998676 -0,716313 0,306727 0,959113 0,563141 -0,250532 -0,97439 -0,80481 0,12097 0,695404 0,846389 0,999632 0,784977 -0,664565 -0,662112 
0,051829 -0,212543 -0,209425 0,978947 0,985376 -0,615457 -0,998676 -0,716313 0,306727 0,959113 0,563141 -0,250532 -0,97439 -0,80481 0,12097 0,695404 0,846389 0,999632 0,784977 -0,664565 
0,657764 0,051829 -0,212543 -0,209425 0,978947 0,985376 -0,615457 -0,998676 -0,716313 0,306727 0,959113 0,563141 -0,250532 -0,97439 -0,80481 0,12097 0,695404 0,846389 0,999632 0,784977 
0,901298 0,657764 0,051829 -0,212543 -0,209425 0,978947 0,985376 -0,615457 -0,998676 -0,716313 0,306727 0,959113 0,563141 -0,250532 -0,97439 -0,80481 0,12097 0,695404 0,846389 0,999632 
0,881394 0,901298 0,657764 0,051829 -0,212543 -0,209425 0,978947 0,985376 -0,615457 -0,998676 -0,716313 0,306727 0,959113 0,563141 -0,250532 -0,97439 -0,80481 0,12097 0,695404 0,846389 
0,621257 0,881394 0,901298 0,657764 0,051829 -0,212543 -0,209425 0,978947 0,985376 -0,615457 -0,998676 -0,716313 0,306727 0,959113 0,563141 -0,250532 -0,97439 -0,80481 0,12097 0,695404 
0,080376 0,621257 0,881394 0,901298 0,657764 0,051829 -0,212543 -0,209425 0,978947 0,985376 -0,615457 -0,998676 -0,716313 0,306727 0,959113 0,563141 -0,250532 -0,97439 -0,80481 0,12097 
-0,321771 0,080376 0,621257 0,881394 0,901298 0,657764 0,051829 -0,212543 -0,209425 0,978947 0,985376 -0,615457 -0,998676 -0,716313 0,306727 0,959113 0,563141 -0,250532 -0,97439 -0,80481 
-0,529941 -0,321771 0,080376 0,621257 0,881394 0,901298 0,657764 0,051829 -0,212543 -0,209425 0,978947 0,985376 -0,615457 -0,998676 -0,716313 0,306727 0,959113 0,563141 -0,250532 -0,97439 
0,826953 -0,529941 -0,321771 0,080376 0,621257 0,881394 0,901298 0,657764 0,051829 -0,212543 -0,209425 0,978947 0,985376 -0,615457 -0,998676 -0,716313 0,306727 0,959113 0,563141 -0,250532 
0,833502 0,826953 -0,529941 -0,321771 0,080376 0,621257 0,881394 0,901298 0,657764 0,051829 -0,212543 -0,209425 0,978947 0,985376 -0,615457 -0,998676 -0,716313 0,306727 0,959113 0,563141 
-0,453521 0,833502 0,826953 -0,529941 -0,321771 0,080376 0,621257 0,881394 0,901298 0,657764 0,051829 -0,212543 -0,209425 0,978947 0,985376 -0,615457 -0,998676 -0,716313 0,306727 0,959113 
-0,999958 -0,453521 0,833502 0,826953 -0,529941 -0,321771 0,080376 0,621257 0,881394 0,901298 0,657764 0,051829 -0,212543 -0,209425 0,978947 0,985376 -0,615457 -0,998676 -0,716313 0,306727 
-0,953164 -0,999958 -0,453521 0,833502 0,826953 -0,529941 -0,321771 0,080376 0,621257 0,881394 0,901298 0,657764 0,051829 -0,212543 -0,209425 0,978947 0,985376 -0,615457 -0,998676 -0,716313 
0,46475 -0,953164 -0,999958 -0,453521 0,833502 0,826953 -0,529941 -0,321771 0,080376 0,621257 0,881394 0,901298 0,657764 0,051829 -0,212543 -0,209425 0,978947 0,985376 -0,615457 -0,998676 
0,995955 0,46475 -0,953164 -0,999958 -0,453521 0,833502 0,826953 -0,529941 -0,321771 0,080376 0,621257 0,881394 0,901298 0,657764 0,051829 -0,212543 -0,209425 0,978947 0,985376 -0,615457 
0,930985 0,995955 0,46475 -0,953164 -0,999958 -0,453521 0,833502 0,826953 -0,529941 -0,321771 0,080376 0,621257 0,881394 0,901298 0,657764 0,051829 -0,212543 -0,209425 0,978947 0,985376 
-0,245201 0,930985 0,995955 0,46475 -0,953164 -0,999958 -0,453521 0,833502 0,826953 -0,529941 -0,321771 0,080376 0,621257 0,881394 0,901298 0,657764 0,051829 -0,212543 -0,209425 0,978947 
-0,878909 -0,245201 0,930985 0,995955 0,46475 -0,953164 -0,999958 -0,453521 0,833502 0,826953 -0,529941 -0,321771 0,080376 0,621257 0,881394 0,901298 0,657764 0,051829 -0,212543 -0,209425 
-0,933137 -0,878909 -0,245201 0,930985 0,995955 0,46475 -0,953164 -0,999958 -0,453521 0,833502 0,826953 -0,529941 -0,321771 0,080376 0,621257 0,881394 0,901298 0,657764 0,051829 -0,212543 
-0,772599 -0,933137 -0,878909 -0,245201 0,930985 0,995955 0,46475 -0,953164 -0,999958 -0,453521 0,833502 0,826953 -0,529941 -0,321771 0,080376 0,621257 0,881394 0,901298 0,657764 0,051829 
-0,412171 -0,772599 -0,933137 -0,878909 -0,245201 0,930985 0,995955 0,46475 -0,953164 -0,999958 -0,453521 0,833502 0,826953 -0,529941 -0,321771 0,080376 0,621257 0,881394 0,901298 0,657764 
0,955968 -0,412171 -0,772599 -0,933137 -0,878909 -0,245201 0,930985 0,995955 0,46475 -0,953164 -0,999958 -0,453521 0,833502 0,826953 -0,529941 -0,321771 0,080376 0,621257 0,881394 0,901298 
0,979064 0,955968 -0,412171 -0,772599 -0,933137 -0,878909 -0,245201 0,930985 0,995955 0,46475 -0,953164 -0,999958 -0,453521 0,833502 0,826953 -0,529941 -0,321771 0,080376 0,621257 0,881394 
0,054803 0,979064 0,955968 -0,412171 -0,772599 -0,933137 -0,878909 -0,245201 0,930985 0,995955 0,46475 -0,953164 -0,999958 -0,453521 0,833502 0,826953 -0,529941 -0,321771 0,080376 0,621257 
-0,1156 0,054803 0,979064 0,955968 -0,412171 -0,772599 -0,933137 -0,878909 -0,245201 0,930985 0,995955 0,46475 -0,953164 -0,999958 -0,453521 0,833502 0,826953 -0,529941 -0,321771 0,080376 
-0,138952 -0,1156 0,054803 0,979064 0,955968 -0,412171 -0,772599 -0,933137 -0,878909 -0,245201 0,930985 0,995955 0,46475 -0,953164 -0,999958 -0,453521 0,833502 0,826953 -0,529941 -0,321771 
-0,015636 -0,138952 -0,1156 0,054803 0,979064 0,955968 -0,412171 -0,772599 -0,933137 -0,878909 -0,245201 0,930985 0,995955 0,46475 -0,953164 -0,999958 -0,453521 0,833502 0,826953 -0,529941 
0,990786 -0,015636 -0,138952 -0,1156 0,054803 0,979064 0,955968 -0,412171 -0,772599 -0,933137 -0,878909 -0,245201 0,930985 0,995955 0,46475 -0,953164 -0,999958 -0,453521 0,833502 0,826953 
0,976267 0,990786 -0,015636 -0,138952 -0,1156 0,054803 0,979064 0,955968 -0,412171 -0,772599 -0,933137 -0,878909 -0,245201 0,930985 0,995955 0,46475 -0,953164 -0,999958 -0,453521 0,833502 
-0,498995 0,976267 0,990786 -0,015636 -0,138952 -0,1156 0,054803 0,979064 0,955968 -0,412171 -0,772599 -0,933137 -0,878909 -0,245201 0,930985 0,995955 0,46475 -0,953164 -0,999958 -0,453521 
-0,870431 -0,498995 0,976267 0,990786 -0,015636 -0,138952 -0,1156 0,054803 0,979064 0,955968 -0,412171 -0,772599 -0,933137 -0,878909 -0,245201 0,930985 0,995955 0,46475 -0,953164 -0,999958 
-0,850882 -0,870431 -0,498995 0,976267 0,990786 -0,015636 -0,138952 -0,1156 0,054803 0,979064 0,955968 -0,412171 -0,772599 -0,933137 -0,878909 -0,245201 0,930985 0,995955 0,46475 -0,953164 
-0,774735 -0,850882 -0,870431 -0,498995 0,976267 0,990786 -0,015636 -0,138952 -0,1156 0,054803 0,979064 0,955968 -0,412171 -0,772599 -0,933137 -0,878909 -0,245201 0,930985 0,995955 0,46475 
-0,09741 -0,774735 -0,850882 -0,870431 -0,498995 0,976267 0,990786 -0,015636 -0,138952 -0,1156 0,054803 0,979064 0,955968 -0,412171 -0,772599 -0,933137 -0,878909 -0,245201 0,930985 0,995955 
0,999701 -0,09741 -0,774735 -0,850882 -0,870431 -0,498995 0,976267 0,990786 -0,015636 -0,138952 -0,1156 0,054803 0,979064 0,955968 -0,412171 -0,772599 -0,933137 -0,878909 -0,245201 0,930985 
0,983956 0,999701 -0,09741 -0,774735 -0,850882 -0,870431 -0,498995 0,976267 0,990786 -0,015636 -0,138952 -0,1156 0,054803 0,979064 0,955968 -0,412171 -0,772599 -0,933137 -0,878909 -0,245201 
0,377705 0,983956 0,999701 -0,09741 -0,774735 -0,850882 -0,870431 -0,498995 0,976267 0,990786 -0,015636 -0,138952 -0,1156 0,054803 0,979064 0,955968 -0,412171 -0,772599 -0,933137 -0,878909 
-0,989714 0,377705 0,983956 0,999701 -0,09741 -0,774735 -0,850882 -0,870431 -0,498995 0,976267 0,990786 -0,015636 -0,138952 -0,1156 0,054803 0,979064 0,955968 -0,412171 -0,772599 -0,933137 
-0,975751 -0,989714 0,377705 0,983956 0,999701 -0,09741 -0,774735 -0,850882 -0,870431 -0,498995 0,976267 0,990786 -0,015636 -0,138952 -0,1156 0,054803 0,979064 0,955968 -0,412171 -0,772599 
-0,115646 -0,975751 -0,989714 0,377705 0,983956 0,999701 -0,09741 -0,774735 -0,850882 -0,870431 -0,498995 0,976267 0,990786 -0,015636 -0,138952 -0,1156 0,054803 0,979064 0,955968 -0,412171 
0,517426 -0,115646 -0,975751 -0,989714 0,377705 0,983956 0,999701 -0,09741 -0,774735 -0,850882 -0,870431 -0,498995 0,976267 0,990786 -0,015636 -0,138952 -0,1156 0,054803 0,979064 0,955968 
0,406405 0,517426 -0,115646 -0,975751 -0,989714 0,377705 0,983956 0,999701 -0,09741 -0,774735 -0,850882 -0,870431 -0,498995 0,976267 0,990786 -0,015636 -0,138952 -0,1156 0,054803 0,979064 
-0,856104 0,406405 0,517426 -0,115646 -0,975751 -0,989714 0,377705 0,983956 0,999701 -0,09741 -0,774735 -0,850882 -0,870431 -0,498995 0,976267 0,990786 -0,015636 -0,138952 -0,1156 0,054803 
-0,687539 -0,856104 0,406405 0,517426 -0,115646 -0,975751 -0,989714 0,377705 0,983956 0,999701 -0,09741 -0,774735 -0,850882 -0,870431 -0,498995 0,976267 0,990786 -0,015636 -0,138952 -0,1156 
-0,241621 -0,687539 -0,856104 0,406405 0,517426 -0,115646 -0,975751 -0,989714 0,377705 0,983956 0,999701 -0,09741 -0,774735 -0,850882 -0,870431 -0,498995 0,976267 0,990786 -0,015636 -0,138952 
-0,032562 -0,241621 -0,687539 -0,856104 0,406405 0,517426 -0,115646 -0,975751 -0,989714 0,377705 0,983956 0,999701 -0,09741 -0,774735 -0,850882 -0,870431 -0,498995 0,976267 0,990786 -0,015636 
0,93539 -0,032562 -0,241621 -0,687539 -0,856104 0,406405 0,517426 -0,115646 -0,975751 -0,989714 0,377705 0,983956 0,999701 -0,09741 -0,774735 -0,850882 -0,870431 -0,498995 0,976267 0,990786 
0,935396 0,93539 -0,032562 -0,241621 -0,687539 -0,856104 0,406405 0,517426 -0,115646 -0,975751 -0,989714 0,377705 0,983956 0,999701 -0,09741 -0,774735 -0,850882 -0,870431 -0,498995 0,976267 
-0,032502 0,935396 0,93539 -0,032562 -0,241621 -0,687539 -0,856104 0,406405 0,517426 -0,115646 -0,975751 -0,989714 0,377705 0,983956 0,999701 -0,09741 -0,774735 -0,850882 -0,870431 -0,498995 
-0,241544 -0,032502 0,935396 0,93539 -0,032562 -0,241621 -0,687539 -0,856104 0,406405 0,517426 -0,115646 -0,975751 -0,989714 0,377705 0,983956 0,999701 -0,09741 -0,774735 -0,850882 -0,870431 
-0,68738 -0,241544 -0,032502 0,935396 0,93539 -0,032562 -0,241621 -0,687539 -0,856104 0,406405 0,517426 -0,115646 -0,975751 -0,989714 0,377705 0,983956 0,999701 -0,09741 -0,774735 -0,850882 
-0,856007 -0,68738 -0,241544 -0,032502 0,935396 0,93539 -0,032562 -0,241621 -0,687539 -0,856104 0,406405 0,517426 -0,115646 -0,975751 -0,989714 0,377705 0,983956 0,999701 -0,09741 -0,774735 
0,406714 -0,856007 -0,68738 -0,241544 -0,032502 0,935396 0,93539 -0,032562 -0,241621 -0,687539 -0,856104 0,406405 0,517426 -0,115646 -0,975751 -0,989714 0,377705 0,983956 0,999701 -0,09741 
0,517597 0,406714 -0,856007 -0,68738 -0,241544 -0,032502 0,935396 0,93539 -0,032562 -0,241621 -0,687539 -0,856104 0,406405 0,517426 -0,115646 -0,975751 -0,989714 0,377705 0,983956 0,999701 
-0,116072 0,517597 0,406714 -0,856007 -0,68738 -0,241544 -0,032502 0,935396 0,93539 -0,032562 -0,241621 -0,687539 -0,856104 0,406405 0,517426 -0,115646 -0,975751 -0,989714 0,377705 0,983956 
-0,975837 -0,116072 0,517597 0,406714 -0,856007 -0,68738 -0,241544 -0,032502 0,935396 0,93539 -0,032562 -0,241621 -0,687539 -0,856104 0,406405 0,517426 -0,115646 -0,975751 -0,989714 0,377705 
-0,989791 -0,975837 -0,116072 0,517597 0,406714 -0,856007 -0,68738 -0,241544 -0,032502 0,935396 0,93539 -0,032562 -0,241621 -0,687539 -0,856104 0,406405 0,517426 -0,115646 -0,975751 -0,989714 
0,378007 -0,989791 -0,975837 -0,116072 0,517597 0,406714 -0,856007 -0,68738 -0,241544 -0,032502 0,935396 0,93539 -0,032562 -0,241621 -0,687539 -0,856104 0,406405 0,517426 -0,115646 -0,975751 
0,984018 0,378007 -0,989791 -0,975837 -0,116072 0,517597 0,406714 -0,856007 -0,68738 -0,241544 -0,032502 0,935396 0,93539 -0,032562 -0,241621 -0,687539 -0,856104 0,406405 0,517426 -0,115646 
0,999683 0,984018 0,378007 -0,989791 -0,975837 -0,116072 0,517597 0,406714 -0,856007 -0,68738 -0,241544 -0,032502 0,935396 0,93539 -0,032562 -0,241621 -0,687539 -0,856104 0,406405 0,517426 
-0,097989 0,999683 0,984018 0,378007 -0,989791 -0,975837 -0,116072 0,517597 0,406714 -0,856007 -0,68738 -0,241544 -0,032502 0,935396 0,93539 -0,032562 -0,241621 -0,687539 -0,856104 0,406405 
-0,775225 -0,097989 0,999683 0,984018 0,378007 -0,989791 -0,975837 -0,116072 0,517597 0,406714 -0,856007 -0,68738 -0,241544 -0,032502 0,935396 0,93539 -0,032562 -0,241621 -0,687539 -0,856104 
-0,851184 -0,775225 -0,097989 0,999683 0,984018 0,378007 -0,989791 -0,975837 -0,116072 0,517597 0,406714 -0,856007 -0,68738 -0,241544 -0,032502 0,935396 0,93539 -0,032562 -0,241621 -0,687539 
-0,869945 -0,851184 -0,775225 -0,097989 0,999683 0,984018 0,378007 -0,989791 -0,975837 -0,116072 0,517597 0,406714 -0,856007 -0,68738 -0,241544 -0,032502 0,935396 0,93539 -0,032562 -0,241621 
-0,498357 -0,869945 -0,851184 -0,775225 -0,097989 0,999683 0,984018 0,378007 -0,989791 -0,975837 -0,116072 0,517597 0,406714 -0,856007 -0,68738 -0,241544 -0,032502 0,935396 0,93539 -0,032562 
0,976061 -0,498357 -0,869945 -0,851184 -0,775225 -0,097989 0,999683 0,984018 0,378007 -0,989791 -0,975837 -0,116072 0,517597 0,406714 -0,856007 -0,68738 -0,241544 -0,032502 0,935396 0,93539 
0,990691 0,976061 -0,498357 -0,869945 -0,851184 -0,775225 -0,097989 0,999683 0,984018 0,378007 -0,989791 -0,975837 -0,116072 0,517597 0,406714 -0,856007 -0,68738 -0,241544 -0,032502 0,935396 
-0,014433 0,990691 0,976061 -0,498357 -0,869945 -0,851184 -0,775225 -0,097989 0,999683 0,984018 0,378007 -0,989791 -0,975837 -0,116072 0,517597 0,406714 -0,856007 -0,68738 -0,241544 -0,032502 
-0,138545 -0,014433 0,990691 0,976061 -0,498357 -0,869945 -0,851184 -0,775225 -0,097989 0,999683 0,984018 0,378007 -0,989791 -0,975837 -0,116072 0,517597 0,406714 -0,856007 -0,68738 -0,241544 
-0,115134 -0,138545 -0,014433 0,990691 0,976061 -0,498357 -0,869945 -0,851184 -0,775225 -0,097989 0,999683 0,984018 0,378007 -0,989791 -0,975837 -0,116072 0,517597 0,406714 -0,856007 -0,68738 
0,056238 -0,115134 -0,138545 -0,014433 0,990691 0,976061 -0,498357 -0,869945 -0,851184 -0,775225 -0,097989 0,999683 0,984018 0,378007 -0,989791 -0,975837 -0,116072 0,517597 0,406714 -0,856007 
0,978893 0,056238 -0,115134 -0,138545 -0,014433 0,990691 0,976061 -0,498357 -0,869945 -0,851184 -0,775225 -0,097989 0,999683 0,984018 0,378007 -0,989791 -0,975837 -0,116072 0,517597 0,406714 
0,95564 0,978893 0,056238 -0,115134 -0,138545 -0,014433 0,990691 0,976061 -0,498357 -0,869945 -0,851184 -0,775225 -0,097989 0,999683 0,984018 0,378007 -0,989791 -0,975837 -0,116072 0,517597 
-0,411065 0,95564 0,978893 0,056238 -0,115134 -0,138545 -0,014433 0,990691 0,976061 -0,498357 -0,869945 -0,851184 -0,775225 -0,097989 0,999683 0,984018 0,378007 -0,989791 -0,975837 -0,116072 
-0,771568 -0,411065 0,95564 0,978893 0,056238 -0,115134 -0,138545 -0,014433 0,990691 0,976061 -0,498357 -0,869945 -0,851184 -0,775225 -0,097989 0,999683 0,984018 0,378007 -0,989791 -0,975837 
-0,933645 -0,771568 -0,411065 0,95564 0,978893 0,056238 -0,115134 -0,138545 -0,014433 0,990691 0,976061 -0,498357 -0,869945 -0,851184 -0,775225 -0,097989 0,999683 0,984018 0,378007 -0,989791 
-0,879474 -0,933645 -0,771568 -0,411065 0,95564 0,978893 0,056238 -0,115134 -0,138545 -0,014433 0,990691 0,976061 -0,498357 -0,869945 -0,851184 -0,775225 -0,097989 0,999683 0,984018 0,378007 
-0,245937 -0,879474 -0,933645 -0,771568 -0,411065 0,95564 0,978893 0,056238 -0,115134 -0,138545 -0,014433 0,990691 0,976061 -0,498357 -0,869945 -0,851184 -0,775225 -0,097989 0,999683 0,984018 
0,930309 -0,245937 -0,879474 -0,933645 -0,771568 -0,411065 0,95564 0,978893 0,056238 -0,115134 -0,138545 -0,014433 0,990691 0,976061 -0,498357 -0,869945 -0,851184 -0,775225 -0,097989 0,999683 
0,995971 0,930309 -0,245937 -0,879474 -0,933645 -0,771568 -0,411065 0,95564 0,978893 0,056238 -0,115134 -0,138545 -0,014433 0,990691 0,976061 -0,498357 -0,869945 -0,851184 -0,775225 -0,097989 
0,464869 0,995971 0,930309 -0,245937 -0,879474 -0,933645 -0,771568 -0,411065 0,95564 0,978893 0,056238 -0,115134 -0,138545 -0,014433 0,990691 0,976061 -0,498357 -0,869945 -0,851184 -0,775225 
-0,952568 0,464869 0,995971 0,930309 -0,245937 -0,879474 -0,933645 -0,771568 -0,411065 0,95564 0,978893 0,056238 -0,115134 -0,138545 -0,014433 0,990691 0,976061 -0,498357 -0,869945 -0,851184 
-0,999953 -0,952568 0,464869 0,995971 0,930309 -0,245937 -0,879474 -0,933645 -0,771568 -0,411065 0,95564 0,978893 0,056238 -0,115134 -0,138545 -0,014433 0,990691 0,976061 -0,498357 -0,869945 
-0,454549 -0,999953 -0,952568 0,464869 0,995971 0,930309 -0,245937 -0,879474 -0,933645 -0,771568 -0,411065 0,95564 0,978893 0,056238 -0,115134 -0,138545 -0,014433 0,990691 0,976061 -0,498357 
0,83467 -0,454549 -0,999953 -0,952568 0,464869 0,995971 0,930309 -0,245937 -0,879474 -0,933645 -0,771568 -0,411065 0,95564 0,978893 0,056238 -0,115134 -0,138545 -0,014433 0,990691 0,976061 
0,828212 0,83467 -0,454549 -0,999953 -0,952568 0,464869 0,995971 0,930309 -0,245937 -0,879474 -0,933645 -0,771568 -0,411065 0,95564 0,978893 0,056238 -0,115134 -0,138545 -0,014433 0,990691 
-0,528057 0,828212 0,83467 -0,454549 -0,999953 -0,952568 0,464869 0,995971 0,930309 -0,245937 -0,879474 -0,933645 -0,771568 -0,411065 0,95564 0,978893 0,056238 -0,115134 -0,138545 -0,014433 
-0,320806 -0,528057 0,828212 0,83467 -0,454549 -0,999953 -0,952568 0,464869 0,995971 0,930309 -0,245937 -0,879474 -0,933645 -0,771568 -0,411065 0,95564 0,978893 0,056238 -0,115134 -0,138545 
0,080718 -0,320806 -0,528057 0,828212 0,83467 -0,454549 -0,999953 -0,952568 0,464869 0,995971 0,930309 -0,245937 -0,879474 -0,933645 -0,771568 -0,411065 0,95564 0,978893 0,056238 -0,115134 
0,622911 0,080718 -0,320806 -0,528057 0,828212 0,83467 -0,454549 -0,999953 -0,952568 0,464869 0,995971 0,930309 -0,245937 -0,879474 -0,933645 -0,771568 -0,411065 0,95564 0,978893 0,056238 
0,88166 0,622911 0,080718 -0,320806 -0,528057 0,828212 0,83467 -0,454549 -0,999953 -0,952568 0,464869 0,995971 0,930309 -0,245937 -0,879474 -0,933645 -0,771568 -0,411065 0,95564 0,978893 
0,901614 0,88166 0,622911 0,080718 -0,320806 -0,528057 0,828212 0,83467 -0,454549 -0,999953 -0,952568 0,464869 0,995971 0,930309 -0,245937 -0,879474 -0,933645 -0,771568 -0,411065 0,95564 
0,659282 0,901614 0,88166 0,622911 0,080718 -0,320806 -0,528057 0,828212 0,83467 -0,454549 -0,999953 -0,952568 0,464869 0,995971 0,930309 -0,245937 -0,879474 -0,933645 -0,771568 -0,411065 
0,051655 0,659282 0,901614 0,88166 0,622911 0,080718 -0,320806 -0,528057 0,828212 0,83467 -0,454549 -0,999953 -0,952568 0,464869 0,995971 0,930309 -0,245937 -0,879474 -0,933645 -0,771568 
-0,211968 0,051655 0,659282 0,901614 0,88166 0,622911 0,080718 -0,320806 -0,528057 0,828212 0,83467 -0,454549 -0,999953 -0,952568 0,464869 0,995971 0,930309 -0,245937 -0,879474 -0,933645 
-0,206535 -0,211968 0,051655 0,659282 0,901614 0,88166 0,622911 0,080718 -0,320806 -0,528057 0,828212 0,83467 -0,454549 -0,999953 -0,952568 0,464869 0,995971 0,930309 -0,245937 -0,879474 
0,979454 -0,206535 -0,211968 0,051655 0,659282 0,901614 0,88166 0,622911 0,080718 -0,320806 -0,528057 0,828212 0,83467 -0,454549 -0,999953 -0,952568 0,464869 0,995971 0,930309 -0,245937 
0,985884 0,979454 -0,206535 -0,211968 0,051655 0,659282 0,901614 0,88166 0,622911 0,080718 -0,320806 -0,528057 0,828212 0,83467 -0,454549 -0,999953 -0,952568 0,464869 0,995971 0,930309 
-0,615571 0,985884 0,979454 -0,206535 -0,211968 0,051655 0,659282 0,901614 0,88166 0,622911 0,080718 -0,320806 -0,528057 0,828212 0,83467 -0,454549 -0,999953 -0,952568 0,464869 0,995971 
-0,998721 -0,615571 0,985884 0,979454 -0,206535 -0,211968 0,051655 0,659282 0,901614 0,88166 0,622911 0,080718 -0,320806 -0,528057 0,828212 0,83467 -0,454549 -0,999953 -0,952568 0,464869 
-0,715208 -0,998721 -0,615571 0,985884 0,979454 -0,206535 -0,211968 0,051655 0,659282 0,901614 0,88166 0,622911 0,080718 -0,320806 -0,528057 0,828212 0,83467 -0,454549 -0,999953 -0,952568 
0,304832 -0,715208 -0,998721 -0,615571 0,985884 0,979454 -0,206535 -0,211968 0,051655 0,659282 0,901614 0,88166 0,622911 0,080718 -0,320806 -0,528057 0,828212 0,83467 -0,454549 -0,999953 
0,958505 0,304832 -0,715208 -0,998721 -0,615571 0,985884 0,979454 -0,206535 -0,211968 0,051655 0,659282 0,901614 0,88166 0,622911 0,080718 -0,320806 -0,528057 0,828212 0,83467 -0,454549 
0,562093 0,958505 0,304832 -0,715208 -0,998721 -0,615571 0,985884 0,979454 -0,206535 -0,211968 0,051655 0,659282 0,901614 0,88166 0,622911 0,080718 -0,320806 -0,528057 0,828212 0,83467 
-0,248918 0,562093 0,958505 0,304832 -0,715208 -0,998721 -0,615571 0,985884 0,979454 -0,206535 -0,211968 0,051655 0,659282 0,901614 0,88166 0,622911 0,080718 -0,320806 -0,528057 0,828212 
-0,974183 -0,248918 0,562093 0,958505 0,304832 -0,715208 -0,998721 -0,615571 0,985884 0,979454 -0,206535 -0,211968 0,051655 0,659282 0,901614 0,88166 0,622911 0,080718 -0,320806 -0,528057 
-0,802919 -0,974183 -0,248918 0,562093 0,958505 0,304832 -0,715208 -0,998721 -0,615571 0,985884 0,979454 -0,206535 -0,211968 0,051655 0,659282 0,901614 0,88166 0,622911 0,080718 -0,320806 
0,122698 -0,802919 -0,974183 -0,248918 0,562093 0,958505 0,304832 -0,715208 -0,998721 -0,615571 0,985884 0,979454 -0,206535 -0,211968 0,051655 0,659282 0,901614 0,88166 0,622911 0,080718 
0,697679 0,122698 -0,802919 -0,974183 -0,248918 0,562093 0,958505 0,304832 -0,715208 -0,998721 -0,615571 0,985884 0,979454 -0,206535 -0,211968 0,051655 0,659282 0,901614 0,88166 0,622911 
0,847276 0,697679 0,122698 -0,802919 -0,974183 -0,248918 0,562093 0,958505 0,304832 -0,715208 -0,998721 -0,615571 0,985884 0,979454 -0,206535 -0,211968 0,051655 0,659282 0,901614 0,88166 
0,999703 0,847276 0,697679 0,122698 -0,802919 -0,974183 -0,248918 0,562093 0,958505 0,304832 -0,715208 -0,998721 -0,615571 0,985884 0,979454 -0,206535 -0,211968 0,051655 0,659282 0,901614 
0,784962 0,999703 0,847276 0,697679 0,122698 -0,802919 -0,974183 -0,248918 0,562093 0,958505 0,304832 -0,715208 -0,998721 -0,615571 0,985884 0,979454 -0,206535 -0,211968 0,051655 0,659282 
-0,667326 0,784962 0,999703 0,847276 0,697679 0,122698 -0,802919 -0,974183 -0,248918 0,562093 0,958505 0,304832 -0,715208 -0,998721 -0,615571 0,985884 0,979454 -0,206535 -0,211968 0,051655 
-0,664933 -0,667326 0,784962 0,999703 0,847276 0,697679 0,122698 -0,802919 -0,974183 -0,248918 0,562093 0,958505 0,304832 -0,715208 -0,998721 -0,615571 0,985884 0,979454 -0,206535 -0,211968 
0,809327 -0,664933 -0,667326 0,784962 0,999703 0,847276 0,697679 0,122698 -0,802919 -0,974183 -0,248918 0,562093 0,958505 0,304832 -0,715208 -0,998721 -0,615571 0,985884 0,979454 -0,206535 
0,990736 0,809327 -0,664933 -0,667326 0,784962 0,999703 0,847276 0,697679 0,122698 -0,802919 -0,974183 -0,248918 0,562093 0,958505 0,304832 -0,715208 -0,998721 -0,615571 0,985884 0,979454 
0,960669 0,990736 0,809327 -0,664933 -0,667326 0,784962 0,999703 0,847276 0,697679 0,122698 -0,802919 -0,974183 -0,248918 0,562093 0,958505 0,304832 -0,715208 -0,998721 -0,615571 0,985884 
0,866695 0,960669 0,990736 0,809327 -0,664933 -0,667326 0,784962 0,999703 0,847276 0,697679 0,122698 -0,802919 -0,974183 -0,248918 0,562093 0,958505 0,304832 -0,715208 -0,998721 -0,615571 
0,180017 0,866695 0,960669 0,990736 0,809327 -0,664933 -0,667326 0,784962 0,999703 0,847276 0,697679 0,122698 -0,802919 -0,974183 -0,248918 0,562093 0,958505 0,304832 -0,715208 -0,998721 
-0,400731 0,180017 0,866695 0,960669 0,990736 0,809327 -0,664933 -0,667326 0,784962 0,999703 0,847276 0,697679 0,122698 -0,802919 -0,974183 -0,248918 0,562093 0,958505 0,304832 -0,715208 
-0,721541 -0,400731 0,180017 0,866695 0,960669 0,990736 0,809327 -0,664933 -0,667326 0,784962 0,999703 0,847276 0,697679 0,122698 -0,802919 -0,974183 -0,248918 0,562093 0,958505 0,304832 
0,496268 -0,721541 -0,400731 0,180017 0,866695 0,960669 0,990736 0,809327 -0,664933 -0,667326 0,784962 0,999703 0,847276 0,697679 0,122698 -0,802919 -0,974183 -0,248918 0,562093 0,958505 
0,60948 0,496268 -0,721541 -0,400731 0,180017 0,866695 0,960669 0,990736 0,809327 -0,664933 -0,667326 0,784962 0,999703 0,847276 0,697679 0,122698 -0,802919 -0,974183 -0,248918 0,562093 
0,216705 0,60948 0,496268 -0,721541 -0,400731 0,180017 0,866695 0,960669 0,990736 0,809327 -0,664933 -0,667326 0,784962 0,999703 0,847276 0,697679 0,122698 -0,802919 -0,974183 -0,248918 
-0,745347 0,216705 0,60948 0,496268 -0,721541 -0,400731 0,180017 0,866695 0,960669 0,990736 0,809327 -0,664933 -0,667326 0,784962 0,999703 0,847276 0,697679 0,122698 -0,802919 -0,974183 
-0,794712 -0,745347 0,216705 0,60948 0,496268 -0,721541 -0,400731 0,180017 0,866695 0,960669 0,990736 0,809327 -0,664933 -0,667326 0,784962 0,999703 0,847276 0,697679 0,122698 -0,802919 
-0,439623 -0,794712 -0,745347 0,216705 0,60948 0,496268 -0,721541 -0,400731 0,180017 0,866695 0,960669 0,990736 0,809327 -0,664933 -0,667326 0,784962 0,999703 0,847276 0,697679 0,122698 
0,318649 -0,439623 -0,794712 -0,745347 0,216705 0,60948 0,496268 -0,721541 -0,400731 0,180017 0,866695 0,960669 0,990736 0,809327 -0,664933 -0,667326 0,784962 0,999703 0,847276 0,697679 
0,690643 0,318649 -0,439623 -0,794712 -0,745347 0,216705 0,60948 0,496268 -0,721541 -0,400731 0,180017 0,866695 0,960669 0,990736 0,809327 -0,664933 -0,667326 0,784962 0,999703 0,847276 
0,994201 0,690643 0,318649 -0,439623 -0,794712 -0,745347 0,216705 0,60948 0,496268 -0,721541 -0,400731 0,180017 0,866695 0,960669 0,990736 0,809327 -0,664933 -0,667326 0,784962 0,999703 
0,655184 0,994201 0,690643 0,318649 -0,439623 -0,794712 -0,745347 0,216705 0,60948 0,496268 -0,721541 -0,400731 0,180017 0,866695 0,960669 0,990736 0,809327 -0,664933 -0,667326 0,784962 
-0,992346 0,655184 0,994201 0,690643 0,318649 -0,439623 -0,794712 -0,745347 0,216705 0,60948 0,496268 -0,721541 -0,400731 0,180017 0,866695 0,960669 0,990736 0,809327 -0,664933 -0,667326 
-0,988703 -0,992346 0,655184 0,994201 0,690643 0,318649 -0,439623 -0,794712 -0,745347 0,216705 0,60948 0,496268 -0,721541 -0,400731 0,180017 0,866695 0,960669 0,990736 0,809327 -0,664933 
0,330784 -0,988703 -0,992346 0,655184 0,994201 0,690643 0,318649 -0,439623 -0,794712 -0,745347 0,216705 0,60948 0,496268 -0,721541 -0,400731 0,180017 0,866695 0,960669 0,990736 0,809327 
0,272554 0,330784 -0,988703 -0,992346 0,655184 0,994201 0,690643 0,318649 -0,439623 -0,794712 -0,745347 0,216705 0,60948 0,496268 -0,721541 -0,400731 0,180017 0,866695 0,960669 0,990736 
0,167038 0,272554 0,330784 -0,988703 -0,992346 0,655184 0,994201 0,690643 0,318649 -0,439623 -0,794712 -0,745347 0,216705 0,60948 0,496268 -0,721541 -0,400731 0,180017 0,866695 0,960669 
0,05584 0,167038 0,272554 0,330784 -0,988703 -0,992346 0,655184 0,994201 0,690643 0,318649 -0,439623 -0,794712 -0,745347 0,216705 0,60948 0,496268 -0,721541 -0,400731 0,180017 0,866695 
-0,983381 0,05584 0,167038 0,272554 0,330784 -0,988703 -0,992346 0,655184 0,994201 0,690643 0,318649 -0,439623 -0,794712 -0,745347 0,216705 0,60948 0,496268 -0,721541 -0,400731 0,180017 
-0,969494 -0,983381 0,05584 0,167038 0,272554 0,330784 -0,988703 -0,992346 0,655184 0,994201 0,690643 0,318649 -0,439623 -0,794712 -0,745347 0,216705 0,60948 0,496268 -0,721541 -0,400731 
0,420678 -0,969494 -0,983381 0,05584 0,167038 0,272554 0,330784 -0,988703 -0,992346 0,655184 0,994201 0,690643 0,318649 -0,439623 -0,794712 -0,745347 0,216705 0,60948 0,496268 -0,721541 
0,740957 0,420678 -0,969494 -0,983381 0,05584 0,167038 0,272554 0,330784 -0,988703 -0,992346 0,655184 0,994201 0,690643 0,318649 -0,439623 -0,794712 -0,745347 0,216705 0,60948 0,496268 
0,972905 0,740957 0,420678 -0,969494 -0,983381 0,05584 0,167038 0,272554 0,330784 -0,988703 -0,992346 0,655184 0,994201 0,690643 0,318649 -0,439623 -0,794712 -0,745347 0,216705 0,60948 
0,91627 0,972905 0,740957 0,420678 -0,969494 -0,983381 0,05584 0,167038 0,272554 0,330784 -0,988703 -0,992346 0,655184 0,994201 0,690643 0,318649 -0,439623 -0,794712 -0,745347 0,216705 
0,292175 0,91627 0,972905 0,740957 0,420678 -0,969494 -0,983381 0,05584 0,167038 0,272554 0,330784 -0,988703 -0,992346 0,655184 0,994201 0,690643 0,318649 -0,439623 -0,794712 -0,745347 
-0,789968 0,292175 0,91627 0,972905 0,740957 0,420678 -0,969494 -0,983381 0,05584 0,167038 0,272554 0,330784 -0,988703 -0,992346 0,655184 0,994201 0,690643 0,318649 -0,439623 -0,794712 
-0,990567 -0,789968 0,292175 0,91627 0,972905 0,740957 0,420678 -0,969494 -0,983381 0,05584 0,167038 0,272554 0,330784 -0,988703 -0,992346 0,655184 0,994201 0,690643 0,318649 -0,439623 
-0,400377 -0,990567 -0,789968 0,292175 0,91627 0,972905 0,740957 0,420678 -0,969494 -0,983381 0,05584 0,167038 0,272554 0,330784 -0,988703 -0,992346 0,655184 0,994201 0,690643 0,318649 
0,764399 -0,400377 -0,990567 -0,789968 0,292175 0,91627 0,972905 0,740957 0,420678 -0,969494 -0,983381 0,05584 0,167038 0,272554 0,330784 -0,988703 -0,992346 0,655184 0,994201 0,690643 
0,999911 0,764399 -0,400377 -0,990567 -0,789968 0,292175 0,91627 0,972905 0,740957 0,420678 -0,969494 -0,983381 0,05584 0,167038 0,272554 0,330784 -0,988703 -0,992346 0,655184 0,994201 
0,565984 0,999911 0,764399 -0,400377 -0,990567 -0,789968 0,292175 0,91627 0,972905 0,740957 0,420678 -0,969494 -0,983381 0,05584 0,167038 0,272554 0,330784 -0,988703 -0,992346 0,655184 
-0,999346 0,565984 0,999911 0,764399 -0,400377 -0,990567 -0,789968 0,292175 0,91627 0,972905 0,740957 0,420678 -0,969494 -0,983381 0,05584 0,167038 0,272554 0,330784 -0,988703 -0,992346 
-0,997806 -0,999346 0,565984 0,999911 0,764399 -0,400377 -0,990567 -0,789968 0,292175 0,91627 0,972905 0,740957 0,420678 -0,969494 -0,983381 0,05584 0,167038 0,272554 0,330784 -0,988703 
-0,11261 -0,997806 -0,999346 0,565984 0,999911 0,764399 -0,400377 -0,990567 -0,789968 0,292175 0,91627 0,972905 0,740957 0,420678 -0,969494 -0,983381 0,05584 0,167038 0,272554 0,330784 
0,302909 -0,11261 -0,997806 -0,999346 0,565984 0,999911 0,764399 -0,400377 -0,990567 -0,789968 0,292175 0,91627 0,972905 0,740957 0,420678 -0,969494 -0,983381 0,05584 0,167038 0,272554 
0,115175 0,302909 -0,11261 -0,997806 -0,999346 0,565984 0,999911 0,764399 -0,400377 -0,990567 -0,789968 0,292175 0,91627 0,972905 0,740957 0,420678 -0,969494 -0,983381 0,05584 0,167038 
-0,896629 0,115175 0,302909 -0,11261 -0,997806 -0,999346 0,565984 0,999911 0,764399 -0,400377 -0,990567 -0,789968 0,292175 0,91627 0,972905 0,740957 0,420678 -0,969494 -0,983381 0,05584 
-0,998751 -0,896629 0,115175 0,302909 -0,11261 -0,997806 -0,999346 0,565984 0,999911 0,764399 -0,400377 -0,990567 -0,789968 0,292175 0,91627 0,972905 0,740957 0,420678 -0,969494 -0,983381 
-0,97569 -0,998751 -0,896629 0,115175 0,302909 -0,11261 -0,997806 -0,999346 0,565984 0,999911 0,764399 -0,400377 -0,990567 -0,789968 0,292175 0,91627 0,972905 0,740957 0,420678 -0,969494 
-0,846198 -0,97569 -0,998751 -0,896629 0,115175 0,302909 -0,11261 -0,997806 -0,999346 0,565984 0,999911 0,764399 -0,400377 -0,990567 -0,789968 0,292175 0,91627 0,972905 0,740957 0,420678 
0,524187 -0,846198 -0,97569 -0,998751 -0,896629 0,115175 0,302909 -0,11261 -0,997806 -0,999346 0,565984 0,999911 0,764399 -0,400377 -0,990567 -0,789968 0,292175 0,91627 0,972905 0,740957 
0,547179 0,524187 -0,846198 -0,97569 -0,998751 -0,896629 0,115175 0,302909 -0,11261 -0,997806 -0,999346 0,565984 0,999911 0,764399 -0,400377 -0,990567 -0,789968 0,292175 0,91627 0,972905 
-0,685085 0,547179 0,524187 -0,846198 -0,97569 -0,998751 -0,896629 0,115175 0,302909 -0,11261 -0,997806 -0,999346 0,565984 0,999911 0,764399 -0,400377 -0,990567 -0,789968 0,292175 0,91627 
-0,974728 -0,685085 0,547179 0,524187 -0,846198 -0,97569 -0,998751 -0,896629 0,115175 0,302909 -0,11261 -0,997806 -0,999346 0,565984 0,999911 0,764399 -0,400377 -0,990567 -0,789968 0,292175 
-0,753745 -0,974728 -0,685085 0,547179 0,524187 -0,846198 -0,97569 -0,998751 -0,896629 0,115175 0,302909 -0,11261 -0,997806 -0,999346 0,565984 0,999911 0,764399 -0,400377 -0,990567 -0,789968 
-0,054441 -0,753745 -0,974728 -0,685085 0,547179 0,524187 -0,846198 -0,97569 -0,998751 -0,896629 0,115175 0,302909 -0,11261 -0,997806 -0,999346 0,565984 0,999911 0,764399 -0,400377 -0,990567 
0,538042 -0,054441 -0,753745 -0,974728 -0,685085 0,547179 0,524187 -0,846198 -0,97569 -0,998751 -0,896629 0,115175 0,302909 -0,11261 -0,997806 -0,999346 0,565984 0,999911 0,764399 -0,400377 
0,888597 0,538042 -0,054441 -0,753745 -0,974728 -0,685085 0,547179 0,524187 -0,846198 -0,97569 -0,998751 -0,896629 0,115175 0,302909 -0,11261 -0,997806 -0,999346 0,565984 0,999911 0,764399 
0,850179 0,888597 0,538042 -0,054441 -0,753745 -0,974728 -0,685085 0,547179 0,524187 -0,846198 -0,97569 -0,998751 -0,896629 0,115175 0,302909 -0,11261 -0,997806 -0,999346 0,565984 0,999911 
0,093741 0,850179 0,888597 0,538042 -0,054441 -0,753745 -0,974728 -0,685085 0,547179 0,524187 -0,846198 -0,97569 -0,998751 -0,896629 0,115175 0,302909 -0,11261 -0,997806 -0,999346 0,565984 
-0,935348 0,093741 0,850179 0,888597 0,538042 -0,054441 -0,753745 -0,974728 -0,685085 0,547179 0,524187 -0,846198 -0,97569 -0,998751 -0,896629 0,115175 0,302909 -0,11261 -0,997806 -0,999346 
-0,918915 -0,935348 0,093741 0,850179 0,888597 0,538042 -0,054441 -0,753745 -0,974728 -0,685085 0,547179 0,524187 -0,846198 -0,97569 -0,998751 -0,896629 0,115175 0,302909 -0,11261 -0,997806 
-0,004007 -0,918915 -0,935348 0,093741 0,850179 0,888597 0,538042 -0,054441 -0,753745 -0,974728 -0,685085 0,547179 0,524187 -0,846198 -0,97569 -0,998751 -0,896629 0,115175 0,302909 -0,11261 
0,582238 -0,004007 -0,918915 -0,935348 0,093741 0,850179 0,888597 0,538042 -0,054441 -0,753745 -0,974728 -0,685085 0,547179 0,524187 -0,846198 -0,97569 -0,998751 -0,896629 0,115175 0,302909 
0,4842 0,582238 -0,004007 -0,918915 -0,935348 0,093741 0,850179 0,888597 0,538042 -0,054441 -0,753745 -0,974728 -0,685085 0,547179 0,524187 -0,846198 -0,97569 -0,998751 -0,896629 0,115175 
-0,789369 0,4842 0,582238 -0,004007 -0,918915 -0,935348 0,093741 0,850179 0,888597 0,538042 -0,054441 -0,753745 -0,974728 -0,685085 0,547179 0,524187 -0,846198 -0,97569 -0,998751 -0,896629 
-0,502885 -0,789369 0,4842 0,582238 -0,004007 -0,918915 -0,935348 0,093741 0,850179 0,888597 0,538042 -0,054441 -0,753745 -0,974728 -0,685085 0,547179 0,524187 -0,846198 -0,97569 -0,998751 
0,063112 -0,502885 -0,789369 0,4842 0,582238 -0,004007 -0,918915 -0,935348 0,093741 0,850179 0,888597 0,538042 -0,054441 -0,753745 -0,974728 -0,685085 0,547179 0,524187 -0,846198 -0,97569 
0,544027 0,063112 -0,502885 -0,789369 0,4842 0,582238 -0,004007 -0,918915 -0,935348 0,093741 0,850179 0,888597 0,538042 -0,054441 -0,753745 -0,974728 -0,685085 0,547179 0,524187 -0,846198 
0,856374 0,544027 0,063112 -0,502885 -0,789369 0,4842 0,582238 -0,004007 -0,918915 -0,935348 0,093741 0,850179 0,888597 0,538042 -0,054441 -0,753745 -0,974728 -0,685085 0,547179 0,524187 
0,914951 0,856374 0,544027 0,063112 -0,502885 -0,789369 0,4842 0,582238 -0,004007 -0,918915 -0,935348 0,093741 0,850179 0,888597 0,538042 -0,054441 -0,753745 -0,974728 -0,685085 0,547179 
0,663803 0,914951 0,856374 0,544027 0,063112 -0,502885 -0,789369 0,4842 0,582238 -0,004007 -0,918915 -0,935348 0,093741 0,850179 0,888597 0,538042 -0,054441 -0,753745 -0,974728 -0,685085 
0,001367 0,663803 0,914951 0,856374 0,544027 0,063112 -0,502885 -0,789369 0,4842 0,582238 -0,004007 -0,918915 -0,935348 0,093741 0,850179 0,888597 0,538042 -0,054441 -0,753745 -0,974728 
-0,1586 0,001367 0,663803 0,914951 0,856374 0,544027 0,063112 -0,502885 -0,789369 0,4842 0,582238 -0,004007 -0,918915 -0,935348 0,093741 0,850179 0,888597 0,538042 -0,054441 -0,753745 
0,093963 -0,1586 0,001367 0,663803 0,914951 0,856374 0,544027 0,063112 -0,502885 -0,789369 0,4842 0,582238 -0,004007 -0,918915 -0,935348 0,093741 0,850179 0,888597 0,538042 -0,054441 
0,997106 0,093963 -0,1586 0,001367 0,663803 0,914951 0,856374 0,544027 0,063112 -0,502885 -0,789369 0,4842 0,582238 -0,004007 -0,918915 -0,935348 0,093741 0,850179 0,888597 0,538042 
0,982075 0,997106 0,093963 -0,1586 0,001367 0,663803 0,914951 0,856374 0,544027 0,063112 -0,502885 -0,789369 0,4842 0,582238 -0,004007 -0,918915 -0,935348 0,093741 0,850179 0,888597 
-0,565524 0,982075 0,997106 0,093963 -0,1586 0,001367 0,663803 0,914951 0,856374 0,544027 0,063112 -0,502885 -0,789369 0,4842 0,582238 -0,004007 -0,918915 -0,935348 0,093741 0,850179 
-0,978482 -0,565524 0,982075 0,997106 0,093963 -0,1586 0,001367 0,663803 0,914951 0,856374 0,544027 0,063112 -0,502885 -0,789369 0,4842 0,582238 -0,004007 -0,918915 -0,935348 0,093741 
-0,647497 -0,978482 -0,565524 0,982075 0,997106 0,093963 -0,1586 0,001367 0,663803 0,914951 0,856374 0,544027 0,063112 -0,502885 -0,789369 0,4842 0,582238 -0,004007 -0,918915 -0,935348 
-0,229441 -0,647497 -0,978482 -0,565524 0,982075 0,997106 0,093963 -0,1586 0,001367 0,663803 0,914951 0,856374 0,544027 0,063112 -0,502885 -0,789369 0,4842 0,582238 -0,004007 -0,918915 
0,609033 -0,229441 -0,647497 -0,978482 -0,565524 0,982075 0,997106 0,093963 -0,1586 0,001367 0,663803 0,914951 0,856374 0,544027 0,063112 -0,502885 -0,789369 0,4842 0,582238 -0,004007 
0,609746 0,609033 -0,229441 -0,647497 -0,978482 -0,565524 0,982075 0,997106 0,093963 -0,1586 0,001367 0,663803 0,914951 0,856374 0,544027 0,063112 -0,502885 -0,789369 0,4842 0,582238 
0,420664 0,609746 0,609033 -0,229441 -0,647497 -0,978482 -0,565524 0,982075 0,997106 0,093963 -0,1586 0,001367 0,663803 0,914951 0,856374 0,544027 0,063112 -0,502885 -0,789369 0,4842 
-0,666212 0,420664 0,609746 0,609033 -0,229441 -0,647497 -0,978482 -0,565524 0,982075 0,997106 0,093963 -0,1586 0,001367 0,663803 0,914951 0,856374 0,544027 0,063112 -0,502885 -0,789369 
-0,405571 -0,666212 0,420664 0,609746 0,609033 -0,229441 -0,647497 -0,978482 -0,565524 0,982075 0,997106 0,093963 -0,1586 0,001367 0,663803 0,914951 0,856374 0,544027 0,063112 -0,502885 
0,080581 -0,405571 -0,666212 0,420664 0,609746 0,609033 -0,229441 -0,647497 -0,978482 -0,565524 0,982075 0,997106 0,093963 -0,1586 0,001367 0,663803 0,914951 0,856374 0,544027 0,063112 
0,95145 0,080581 -0,405571 -0,666212 0,420664 0,609746 0,609033 -0,229441 -0,647497 -0,978482 -0,565524 0,982075 0,997106 0,093963 -0,1586 0,001367 0,663803 0,914951 0,856374 0,544027 
0,898114 0,95145 0,080581 -0,405571 -0,666212 0,420664 0,609746 0,609033 -0,229441 -0,647497 -0,978482 -0,565524 0,982075 0,997106 0,093963 -0,1586 0,001367 0,663803 0,914951 0,856374 
0,32439 0,898114 0,95145 0,080581 -0,405571 -0,666212 0,420664 0,609746 0,609033 -0,229441 -0,647497 -0,978482 -0,565524 0,982075 0,997106 0,093963 -0,1586 0,001367 0,663803 0,914951 
0,03418 0,32439 0,898114 0,95145 0,080581 -0,405571 -0,666212 0,420664 0,609746 0,609033 -0,229441 -0,647497 -0,978482 -0,565524 0,982075 0,997106 0,093963 -0,1586 0,001367 0,663803 
-0,899496 0,03418 0,32439 0,898114 0,95145 0,080581 -0,405571 -0,666212 0,420664 0,609746 0,609033 -0,229441 -0,647497 -0,978482 -0,565524 0,982075 0,997106 0,093963 -0,1586 0,001367 
-0,929507 -0,899496 0,03418 0,32439 0,898114 0,95145 0,080581 -0,405571 -0,666212 0,420664 0,609746 0,609033 -0,229441 -0,647497 -0,978482 -0,565524 0,982075 0,997106 0,093963 -0,1586 
-0,20994 -0,929507 -0,899496 0,03418 0,32439 0,898114 0,95145 0,080581 -0,405571 -0,666212 0,420664 0,609746 0,609033 -0,229441 -0,647497 -0,978482 -0,565524 0,982075 0,997106 0,093963 
0,064086 -0,20994 -0,929507 -0,899496 0,03418 0,32439 0,898114 0,95145 0,080581 -0,405571 -0,666212 0,420664 0,609746 0,609033 -0,229441 -0,647497 -0,978482 -0,565524 0,982075 0,997106 
0,290305 0,064086 -0,20994 -0,929507 -0,899496 0,03418 0,32439 0,898114 0,95145 0,080581 -0,405571 -0,666212 0,420664 0,609746 0,609033 -0,229441 -0,647497 -0,978482 -0,565524 0,982075 
0,40832 0,290305 0,064086 -0,20994 -0,929507 -0,899496 0,03418 0,32439 0,898114 0,95145 0,080581 -0,405571 -0,666212 0,420664 0,609746 0,609033 -0,229441 -0,647497 -0,978482 -0,565524 
-0,95283 0,40832 0,290305 0,064086 -0,20994 -0,929507 -0,899496 0,03418 0,32439 0,898114 0,95145 0,080581 -0,405571 -0,666212 0,420664 0,609746 0,609033 -0,229441 -0,647497 -0,978482 
-0,956617 -0,95283 0,40832 0,290305 0,064086 -0,20994 -0,929507 -0,899496 0,03418 0,32439 0,898114 0,95145 0,080581 -0,405571 -0,666212 0,420664 0,609746 0,609033 -0,229441 -0,647497 
0,649967 -0,956617 -0,95283 0,40832 0,290305 0,064086 -0,20994 -0,929507 -0,899496 0,03418 0,32439 0,898114 0,95145 0,080581 -0,405571 -0,666212 0,420664 0,609746 0,609033 -0,229441 
0,997975 0,649967 -0,956617 -0,95283 0,40832 0,290305 0,064086 -0,20994 -0,929507 -0,899496 0,03418 0,32439 0,898114 0,95145 0,080581 -0,405571 -0,666212 0,420664 0,609746 0,609033 
0,692633 0,997975 0,649967 -0,956617 -0,95283 0,40832 0,290305 0,064086 -0,20994 -0,929507 -0,899496 0,03418 0,32439 0,898114 0,95145 0,080581 -0,405571 -0,666212 0,420664 0,609746 
-0,159764 0,692633 0,997975 0,649967 -0,956617 -0,95283 0,40832 0,290305 0,064086 -0,20994 -0,929507 -0,899496 0,03418 0,32439 0,898114 0,95145 0,080581 -0,405571 -0,666212 0,420664 
-0,866779 -0,159764 0,692633 0,997975 0,649967 -0,956617 -0,95283 0,40832 0,290305 0,064086 -0,20994 -0,929507 -0,899496 0,03418 0,32439 0,898114 0,95145 0,080581 -0,405571 -0,666212 
-0,538052 -0,866779 -0,159764 0,692633 0,997975 0,649967 -0,956617 -0,95283 0,40832 0,290305 0,064086 -0,20994 -0,929507 -0,899496 0,03418 0,32439 0,898114 0,95145 0,080581 -0,405571 
-0,077482 -0,538052 -0,866779 -0,159764 0,692633 0,997975 0,649967 -0,956617 -0,95283 0,40832 0,290305 0,064086 -0,20994 -0,929507 -0,899496 0,03418 0,32439 0,898114 0,95145 0,080581 
0,865813 -0,077482 -0,538052 -0,866779 -0,159764 0,692633 0,997975 0,649967 -0,956617 -0,95283 0,40832 0,290305 0,064086 -0,20994 -0,929507 -0,899496 0,03418 0,32439 0,898114 0,95145 
0,48015 0,865813 -0,077482 -0,538052 -0,866779 -0,159764 0,692633 0,997975 0,649967 -0,956617 -0,95283 0,40832 0,290305 0,064086 -0,20994 -0,929507 -0,899496 0,03418 0,32439 0,898114 
-0,231703 0,48015 0,865813 -0,077482 -0,538052 -0,866779 -0,159764 0,692633 0,997975 0,649967 -0,956617 -0,95283 0,40832 0,290305 0,064086 -0,20994 -0,929507 -0,899496 0,03418 0,32439 
-0,956938 -0,231703 0,48015 0,865813 -0,077482 -0,538052 -0,866779 -0,159764 0,692633 0,997975 0,649967 -0,956617 -0,95283 0,40832 0,290305 0,064086 -0,20994 -0,929507 -0,899496 0,03418 
-0,986329 -0,956938 -0,231703 0,48015 0,865813 -0,077482 -0,538052 -0,866779 -0,159764 0,692633 0,997975 0,649967 -0,956617 -0,95283 0,40832 0,290305 0,064086 -0,20994 -0,929507 -0,899496 
-0,531587 -0,986329 -0,956938 -0,231703 0,48015 0,865813 -0,077482 -0,538052 -0,866779 -0,159764 0,692633 0,997975 0,649967 -0,956617 -0,95283 0,40832 0,290305 0,064086 -0,20994 -0,929507 
-0,257938 -0,531587 -0,986329 -0,956938 -0,231703 0,48015 0,865813 -0,077482 -0,538052 -0,866779 -0,159764 0,692633 0,997975 0,649967 -0,956617 -0,95283 0,40832 0,290305 0,064086 -0,20994 
0,944574 -0,257938 -0,531587 -0,986329 -0,956938 -0,231703 0,48015 0,865813 -0,077482 -0,538052 -0,866779 -0,159764 0,692633 0,997975 0,649967 -0,956617 -0,95283 0,40832 0,290305 0,064086 
0,962059 0,944574 -0,257938 -0,531587 -0,986329 -0,956938 -0,231703 0,48015 0,865813 -0,077482 -0,538052 -0,866779 -0,159764 0,692633 0,997975 0,649967 -0,956617 -0,95283 0,40832 0,290305 
0,010671 0,962059 0,944574 -0,257938 -0,531587 -0,986329 -0,956938 -0,231703 0,48015 0,865813 -0,077482 -0,538052 -0,866779 -0,159764 0,692633 0,997975 0,649967 -0,956617 -0,95283 0,40832 
-0,1522 0,010671 0,962059 0,944574 -0,257938 -0,531587 -0,986329 -0,956938 -0,231703 0,48015 0,865813 -0,077482 -0,538052 -0,866779 -0,159764 0,692633 0,997975 0,649967 -0,956617 -0,95283 
-0,368812 -0,1522 0,010671 0,962059 0,944574 -0,257938 -0,531587 -0,986329 -0,956938 -0,231703 0,48015 0,865813 -0,077482 -0,538052 -0,866779 -0,159764 0,692633 0,997975 0,649967 -0,956617 
-0,517342 -0,368812 -0,1522 0,010671 0,962059 0,944574 -0,257938 -0,531587 -0,986329 -0,956938 -0,231703 0,48015 0,865813 -0,077482 -0,538052 -0,866779 -0,159764 0,692633 0,997975 0,649967 
0,915522 -0,517342 -0,368812 -0,1522 0,010671 0,962059 0,944574 -0,257938 -0,531587 -0,986329 -0,956938 -0,231703 0,48015 0,865813 -0,077482 -0,538052 -0,866779 -0,159764 0,692633 0,997975 
0,917487 0,915522 -0,517342 -0,368812 -0,1522 0,010671 0,962059 0,944574 -0,257938 -0,531587 -0,986329 -0,956938 -0,231703 0,48015 0,865813 -0,077482 -0,538052 -0,866779 -0,159764 0,692633 
-0,651818 0,917487 0,915522 -0,517342 -0,368812 -0,1522 0,010671 0,962059 0,944574 -0,257938 -0,531587 -0,986329 -0,956938 -0,231703 0,48015 0,865813 -0,077482 -0,538052 -0,866779 -0,159764 
-0,995357 -0,651818 0,917487 0,915522 -0,517342 -0,368812 -0,1522 0,010671 0,962059 0,944574 -0,257938 -0,531587 -0,986329 -0,956938 -0,231703 0,48015 0,865813 -0,077482 -0,538052 -0,866779 
-0,712106 -0,995357 -0,651818 0,917487 0,915522 -0,517342 -0,368812 -0,1522 0,010671 0,962059 0,944574 -0,257938 -0,531587 -0,986329 -0,956938 -0,231703 0,48015 0,865813 -0,077482 -0,538052 
0,195108 -0,712106 -0,995357 -0,651818 0,917487 0,915522 -0,517342 -0,368812 -0,1522 0,010671 0,962059 0,944574 -0,257938 -0,531587 -0,986329 -0,956938 -0,231703 0,48015 0,865813 -0,077482 
0,878081 0,195108 -0,712106 -0,995357 -0,651818 0,917487 0,915522 -0,517342 -0,368812 -0,1522 0,010671 0,962059 0,944574 -0,257938 -0,531587 -0,986329 -0,956938 -0,231703 0,48015 0,865813 
0,545558 0,878081 0,195108 -0,712106 -0,995357 -0,651818 0,917487 0,915522 -0,517342 -0,368812 -0,1522 0,010671 0,962059 0,944574 -0,257938 -0,531587 -0,986329 -0,956938 -0,231703 0,48015 
0,0852 0,545558 0,878081 0,195108 -0,712106 -0,995357 -0,651818 0,917487 0,915522 -0,517342 -0,368812 -0,1522 0,010671 0,962059 0,944574 -0,257938 -0,531587 -0,986329 -0,956938 -0,231703 
-0,855466 0,0852 0,545558 0,878081 0,195108 -0,712106 -0,995357 -0,651818 0,917487 0,915522 -0,517342 -0,368812 -0,1522 0,010671 0,962059 0,944574 -0,257938 -0,531587 -0,986329 -0,956938 
-0,470836 -0,855466 0,0852 0,545558 0,878081 0,195108 -0,712106 -0,995357 -0,651818 0,917487 0,915522 -0,517342 -0,368812 -0,1522 0,010671 0,962059 0,944574 -0,257938 -0,531587 -0,986329 
0,216118 -0,470836 -0,855466 0,0852 0,545558 0,878081 0,195108 -0,712106 -0,995357 -0,651818 0,917487 0,915522 -0,517342 -0,368812 -0,1522 0,010671 0,962059 0,944574 -0,257938 -0,531587 
0,961297 0,216118 -0,470836 -0,855466 0,0852 0,545558 0,878081 0,195108 -0,712106 -0,995357 -0,651818 0,917487 0,915522 -0,517342 -0,368812 -0,1522 0,010671 0,962059 0,944574 -0,257938 
0,965372 0,961297 0,216118 -0,470836 -0,855466 0,0852 0,545558 0,878081 0,195108 -0,712106 -0,995357 -0,651818 0,917487 0,915522 -0,517342 -0,368812 -0,1522 0,010671 0,962059 0,944574 
0,421145 0,965372 0,961297 0,216118 -0,470836 -0,855466 0,0852 0,545558 0,878081 0,195108 -0,712106 -0,995357 -0,651818 0,917487 0,915522 -0,517342 -0,368812 -0,1522 0,010671 0,962059 
0,117248 0,421145 0,965372 0,961297 0,216118 -0,470836 -0,855466 0,0852 0,545558 0,878081 0,195108 -0,712106 -0,995357 -0,651818 0,917487 0,915522 -0,517342 -0,368812 -0,1522 0,010671 
-0,906114 0,117248 0,421145 0,965372 0,961297 0,216118 -0,470836 -0,855466 0,0852 0,545558 0,878081 0,195108 -0,712106 -0,995357 -0,651818 0,917487 0,915522 -0,517342 -0,368812 -0,1522 
-0,939948 -0,906114 0,117248 0,421145 0,965372 0,961297 0,216118 -0,470836 -0,855466 0,0852 0,545558 0,878081 0,195108 -0,712106 -0,995357 -0,651818 0,917487 0,915522 -0,517342 -0,368812 
-0,195147 -0,939948 -0,906114 0,117248 0,421145 0,965372 0,961297 0,216118 -0,470836 -0,855466 0,0852 0,545558 0,878081 0,195108 -0,712106 -0,995357 -0,651818 0,917487 0,915522 -0,517342 
0,068185 -0,195147 -0,939948 -0,906114 0,117248 0,421145 0,965372 0,961297 0,216118 -0,470836 -0,855466 0,0852 0,545558 0,878081 0,195108 -0,712106 -0,995357 -0,651818 0,917487 0,915522 
0,238858 0,068185 -0,195147 -0,939948 -0,906114 0,117248 0,421145 0,965372 0,961297 0,216118 -0,470836 -0,855466 0,0852 0,545558 0,878081 0,195108 -0,712106 -0,995357 -0,651818 0,917487 
0,292363 0,238858 0,068185 -0,195147 -0,939948 -0,906114 0,117248 0,421145 0,965372 0,961297 0,216118 -0,470836 -0,855466 0,0852 0,545558 0,878081 0,195108 -0,712106 -0,995357 -0,651818 
-0,986582 0,292363 0,238858 0,068185 -0,195147 -0,939948 -0,906114 0,117248 0,421145 0,965372 0,961297 0,216118 -0,470836 -0,855466 0,0852 0,545558 0,878081 0,195108 -0,712106 -0,995357 
-0,990985 -0,986582 0,292363 0,238858 0,068185 -0,195147 -0,939948 -0,906114 0,117248 0,421145 0,965372 0,961297 0,216118 -0,470836 -0,855466 0,0852 0,545558 0,878081 0,195108 -0,712106 
0,650793 -0,990985 -0,986582 0,292363 0,238858 0,068185 -0,195147 -0,939948 -0,906114 0,117248 0,421145 0,965372 0,961297 0,216118 -0,470836 -0,855466 0,0852 0,545558 0,878081 0,195108 
0,999165 0,650793 -0,990985 -0,986582 0,292363 0,238858 0,068185 -0,195147 -0,939948 -0,906114 0,117248 0,421145 0,965372 0,961297 0,216118 -0,470836 -0,855466 0,0852 0,545558 0,878081 
0,664737 0,999165 0,650793 -0,990985 -0,986582 0,292363 0,238858 0,068185 -0,195147 -0,939948 -0,906114 0,117248 0,421145 0,965372 0,961297 0,216118 -0,470836 -0,855466 0,0852 0,545558 
0,106087 0,664737 0,999165 0,650793 -0,990985 -0,986582 0,292363 0,238858 0,068185 -0,195147 -0,939948 -0,906114 0,117248 0,421145 0,965372 0,961297 0,216118 -0,470836 -0,855466 0,0852 
-0,666984 0,106087 0,664737 0,999165 0,650793 -0,990985 -0,986582 0,292363 0,238858 0,068185 -0,195147 -0,939948 -0,906114 0,117248 0,421145 0,965372 0,961297 0,216118 -0,470836 -0,855466 
-0,631914 -0,666984 0,106087 0,664737 0,999165 0,650793 -0,990985 -0,986582 0,292363 0,238858 0,068185 -0,195147 -0,939948 -0,906114 0,117248 0,421145 0,965372 0,961297 0,216118 -0,470836 
-0,447778 -0,631914 -0,666984 0,106087 0,664737 0,999165 0,650793 -0,990985 -0,986582 0,292363 0,238858 0,068185 -0,195147 -0,939948 -0,906114 0,117248 0,421145 0,965372 0,961297 0,216118 
0,604654 -0,447778 -0,631914 -0,666984 0,106087 0,664737 0,999165 0,650793 -0,990985 -0,986582 0,292363 0,238858 0,068185 -0,195147 -0,939948 -0,906114 0,117248 0,421145 0,965372 0,961297 
0,433266 0,604654 -0,447778 -0,631914 -0,666984 0,106087 0,664737 0,999165 0,650793 -0,990985 -0,986582 0,292363 0,238858 0,068185 -0,195147 -0,939948 -0,906114 0,117248 0,421145 0,965372 
0,038587 0,433266 0,604654 -0,447778 -0,631914 -0,666984 0,106087 0,664737 0,999165 0,650793 -0,990985 -0,986582 0,292363 0,238858 0,068185 -0,195147 -0,939948 -0,906114 0,117248 0,421145 
-0,932349 0,038587 0,433266 0,604654 -0,447778 -0,631914 -0,666984 0,106087 0,664737 0,999165 0,650793 -0,990985 -0,986582 0,292363 0,238858 0,068185 -0,195147 -0,939948 -0,906114 0,117248 
-0,742759 -0,932349 0,038587 0,433266 0,604654 -0,447778 -0,631914 -0,666984 0,106087 0,664737 0,999165 0,650793 -0,990985 -0,986582 0,292363 0,238858 0,068185 -0,195147 -0,939948 -0,906114 
-0,031667 -0,742759 -0,932349 0,038587 0,433266 0,604654 -0,447778 -0,631914 -0,666984 0,106087 0,664737 0,999165 0,650793 -0,990985 -0,986582 0,292363 0,238858 0,068185 -0,195147 -0,939948 
0,405451 -0,031667 -0,742759 -0,932349 0,038587 0,433266 0,604654 -0,447778 -0,631914 -0,666984 0,106087 0,664737 0,999165 0,650793 -0,990985 -0,986582 0,292363 0,238858 0,068185 -0,195147 
0,83178 0,405451 -0,031667 -0,742759 -0,932349 0,038587 0,433266 0,604654 -0,447778 -0,631914 -0,666984 0,106087 0,664737 0,999165 0,650793 -0,990985 -0,986582 0,292363 0,238858 0,068185 
0,923297 0,83178 0,405451 -0,031667 -0,742759 -0,932349 0,038587 0,433266 0,604654 -0,447778 -0,631914 -0,666984 0,106087 0,664737 0,999165 0,650793 -0,990985 -0,986582 0,292363 0,238858 
0,639788 0,923297 0,83178 0,405451 -0,031667 -0,742759 -0,932349 0,038587 0,433266 0,604654 -0,447778 -0,631914 -0,666984 0,106087 0,664737 0,999165 0,650793 -0,990985 -0,986582 0,292363 
-0,050542 0,639788 0,923297 0,83178 0,405451 -0,031667 -0,742759 -0,932349 0,038587 0,433266 0,604654 -0,447778 -0,631914 -0,666984 0,106087 0,664737 0,999165 0,650793 -0,990985 -0,986582 
-0,1348 -0,050542 0,639788 0,923297 0,83178 0,405451 -0,031667 -0,742759 -0,932349 0,038587 0,433266 0,604654 -0,447778 -0,631914 -0,666984 0,106087 0,664737 0,999165 0,650793 -0,990985 
0,326407 -0,1348 -0,050542 0,639788 0,923297 0,83178 0,405451 -0,031667 -0,742759 -0,932349 0,038587 0,433266 0,604654 -0,447778 -0,631914 -0,666984 0,106087 0,664737 0,999165 0,650793 
0,96976 0,326407 -0,1348 -0,050542 0,639788 0,923297 0,83178 0,405451 -0,031667 -0,742759 -0,932349 0,038587 0,433266 0,604654 -0,447778 -0,631914 -0,666984 0,106087 0,664737 0,999165 
0,905939 0,96976 0,326407 -0,1348 -0,050542 0,639788 0,923297 0,83178 0,405451 -0,031667 -0,742759 -0,932349 0,038587 0,433266 0,604654 -0,447778 -0,631914 -0,666984 0,106087 0,664737 
-0,365521 0,905939 0,96976 0,326407 -0,1348 -0,050542 0,639788 0,923297 0,83178 0,405451 -0,031667 -0,742759 -0,932349 0,038587 0,433266 0,604654 -0,447778 -0,631914 -0,666984 0,106087 
-0,817811 -0,365521 0,905939 0,96976 0,326407 -0,1348 -0,050542 0,639788 0,923297 0,83178 0,405451 -0,031667 -0,742759 -0,932349 0,038587 0,433266 0,604654 -0,447778 -0,631914 -0,666984 
-0,81505 -0,817811 -0,365521 0,905939 0,96976 0,326407 -0,1348 -0,050542 0,639788 0,923297 0,83178 0,405451 -0,031667 -0,742759 -0,932349 0,038587 0,433266 0,604654 -0,447778 -0,631914 
-0,733851 -0,81505 -0,817811 -0,365521 0,905939 0,96976 0,326407 -0,1348 -0,050542 0,639788 0,923297 0,83178 0,405451 -0,031667 -0,742759 -0,932349 0,038587 0,433266 0,604654 -0,447778 
0,0152 -0,733851 -0,81505 -0,817811 -0,365521 0,905939 0,96976 0,326407 -0,1348 -0,050542 0,639788 0,923297 0,83178 0,405451 -0,031667 -0,742759 -0,932349 0,038587 0,433266 0,604654 
0,952012 0,0152 -0,733851 -0,81505 -0,817811 -0,365521 0,905939 0,96976 0,326407 -0,1348 -0,050542 0,639788 0,923297 0,83178 0,405451 -0,031667 -0,742759 -0,932349 0,038587 0,433266 
0,930719 0,952012 0,0152 -0,733851 -0,81505 -0,817811 -0,365521 0,905939 0,96976 0,326407 -0,1348 -0,050542 0,639788 0,923297 0,83178 0,405451 -0,031667 -0,742759 -0,932349 0,038587 
0,119035 0,930719 0,952012 0,0152 -0,733851 -0,81505 -0,817811 -0,365521 0,905939 0,96976 0,326407 -0,1348 -0,050542 0,639788 0,923297 0,83178 0,405451 -0,031667 -0,742759 -0,932349 
-0,758481 0,119035 0,930719 0,952012 0,0152 -0,733851 -0,81505 -0,817811 -0,365521 0,905939 0,96976 0,326407 -0,1348 -0,050542 0,639788 0,923297 0,83178 0,405451 -0,031667 -0,742759 
-0,730781 -0,758481 0,119035 0,930719 0,952012 0,0152 -0,733851 -0,81505 -0,817811 -0,365521 0,905939 0,96976 0,326407 -0,1348 -0,050542 0,639788 0,923297 0,83178 0,405451 -0,031667 
0,529498 -0,730781 -0,758481 0,119035 0,930719 0,952012 0,0152 -0,733851 -0,81505 -0,817811 -0,365521 0,905939 0,96976 0,326407 -0,1348 -0,050542 0,639788 0,923297 0,83178 0,405451 
0,324163 0,529498 -0,730781 -0,758481 0,119035 0,930719 0,952012 0,0152 -0,733851 -0,81505 -0,817811 -0,365521 0,905939 0,96976 0,326407 -0,1348 -0,050542 0,639788 0,923297 0,83178 
-0,130008 0,324163 0,529498 -0,730781 -0,758481 0,119035 0,930719 0,952012 0,0152 -0,733851 -0,81505 -0,817811 -0,365521 0,905939 0,96976 0,326407 -0,1348 -0,050542 0,639788 0,923297 
-0,88843 -0,130008 0,324163 0,529498 -0,730781 -0,758481 0,119035 0,930719 0,952012 0,0152 -0,733851 -0,81505 -0,817811 -0,365521 0,905939 0,96976 0,326407 -0,1348 -0,050542 0,639788 
-0,983798 -0,88843 -0,130008 0,324163 0,529498 -0,730781 -0,758481 0,119035 0,930719 0,952012 0,0152 -0,733851 -0,81505 -0,817811 -0,365521 0,905939 0,96976 0,326407 -0,1348 -0,050542 
-0,983341 -0,983798 -0,88843 -0,130008 0,324163 0,529498 -0,730781 -0,758481 0,119035 0,930719 0,952012 0,0152 -0,733851 -0,81505 -0,817811 -0,365521 0,905939 0,96976 0,326407 -0,1348 
-0,815839 -0,983341 -0,983798 -0,88843 -0,130008 0,324163 0,529498 -0,730781 -0,758481 0,119035 0,930719 0,952012 0,0152 -0,733851 -0,81505 -0,817811 -0,365521 0,905939 0,96976 0,326407 
0,652528 -0,815839 -0,983341 -0,983798 -0,88843 -0,130008 0,324163 0,529498 -0,730781 -0,758481 0,119035 0,930719 0,952012 0,0152 -0,733851 -0,81505 -0,817811 -0,365521 0,905939 0,96976 
0,65696 0,652528 -0,815839 -0,983341 -0,983798 -0,88843 -0,130008 0,324163 0,529498 -0,730781 -0,758481 0,119035 0,930719 0,952012 0,0152 -0,733851 -0,81505 -0,817811 -0,365521 0,905939 
-0,772409 0,65696 0,652528 -0,815839 -0,983341 -0,983798 -0,88843 -0,130008 0,324163 0,529498 -0,730781 -0,758481 0,119035 0,930719 0,952012 0,0152 -0,733851 -0,81505 -0,817811 -0,365521 
-0,996938 -0,772409 0,65696 0,652528 -0,815839 -0,983341 -0,983798 -0,88843 -0,130008 0,324163 0,529498 -0,730781 -0,758481 0,119035 0,930719 0,952012 0,0152 -0,733851 -0,81505 -0,817811 
-0,806856 -0,996938 -0,772409 0,65696 0,652528 -0,815839 -0,983341 -0,983798 -0,88843 -0,130008 0,324163 0,529498 -0,730781 -0,758481 0,119035 0,930719 0,952012 0,0152 -0,733851 -0,81505 
-0,592505 -0,806856 -0,996938 -0,772409 0,65696 0,652528 -0,815839 -0,983341 -0,983798 -0,88843 -0,130008 0,324163 0,529498 -0,730781 -0,758481 0,119035 0,930719 0,952012 0,0152 -0,733851 
-0,023476 -0,592505 -0,806856 -0,996938 -0,772409 0,65696 0,652528 -0,815839 -0,983341 -0,983798 -0,88843 -0,130008 0,324163 0,529498 -0,730781 -0,758481 0,119035 0,930719 0,952012 0,0152 
0,924902 -0,023476 -0,592505 -0,806856 -0,996938 -0,772409 0,65696 0,652528 -0,815839 -0,983341 -0,983798 -0,88843 -0,130008 0,324163 0,529498 -0,730781 -0,758481 0,119035 0,930719 0,952012 
0,985138 0,924902 -0,023476 -0,592505 -0,806856 -0,996938 -0,772409 0,65696 0,652528 -0,815839 -0,983341 -0,983798 -0,88843 -0,130008 0,324163 0,529498 -0,730781 -0,758481 0,119035 0,930719 
0,369819 0,985138 0,924902 -0,023476 -0,592505 -0,806856 -0,996938 -0,772409 0,65696 0,652528 -0,815839 -0,983341 -0,983798 -0,88843 -0,130008 0,324163 0,529498 -0,730781 -0,758481 0,119035 
-0,718644 0,369819 0,985138 0,924902 -0,023476 -0,592505 -0,806856 -0,996938 -0,772409 0,65696 0,652528 -0,815839 -0,983341 -0,983798 -0,88843 -0,130008 0,324163 0,529498 -0,730781 -0,758481 
-0,996627 -0,718644 0,369819 0,985138 0,924902 -0,023476 -0,592505 -0,806856 -0,996938 -0,772409 0,65696 0,652528 -0,815839 -0,983341 -0,983798 -0,88843 -0,130008 0,324163 0,529498 -0,730781 
-0,488813 -0,996627 -0,718644 0,369819 0,985138 0,924902 -0,023476 -0,592505 -0,806856 -0,996938 -0,772409 0,65696 0,652528 -0,815839 -0,983341 -0,983798 -0,88843 -0,130008 0,324163 0,529498 
0,901813 -0,488813 -0,996627 -0,718644 0,369819 0,985138 0,924902 -0,023476 -0,592505 -0,806856 -0,996938 -0,772409 0,65696 0,652528 -0,815839 -0,983341 -0,983798 -0,88843 -0,130008 0,324163 
0,995906 0,901813 -0,488813 -0,996627 -0,718644 0,369819 0,985138 0,924902 -0,023476 -0,592505 -0,806856 -0,996938 -0,772409 0,65696 0,652528 -0,815839 -0,983341 -0,983798 -0,88843 -0,130008 
0,502776 0,995906 0,901813 -0,488813 -0,996627 -0,718644 0,369819 0,985138 0,924902 -0,023476 -0,592505 -0,806856 -0,996938 -0,772409 0,65696 0,652528 -0,815839 -0,983341 -0,983798 -0,88843 
-0,745873 0,502776 0,995906 0,901813 -0,488813 -0,996627 -0,718644 0,369819 0,985138 0,924902 -0,023476 -0,592505 -0,806856 -0,996938 -0,772409 0,65696 0,652528 -0,815839 -0,983341 -0,983798 
-0,732262 -0,745873 0,502776 0,995906 0,901813 -0,488813 -0,996627 -0,718644 0,369819 0,985138 0,924902 -0,023476 -0,592505 -0,806856 -0,996938 -0,772409 0,65696 0,652528 -0,815839 -0,983341 
0,703312 -0,732262 -0,745873 0,502776 0,995906 0,901813 -0,488813 -0,996627 -0,718644 0,369819 0,985138 0,924902 -0,023476 -0,592505 -0,806856 -0,996938 -0,772409 0,65696 0,652528 -0,815839 
0,503496 0,703312 -0,732262 -0,745873 0,502776 0,995906 0,901813 -0,488813 -0,996627 -0,718644 0,369819 0,985138 0,924902 -0,023476 -0,592505 -0,806856 -0,996938 -0,772409 0,65696 0,652528 
0,168612 0,503496 0,703312 -0,732262 -0,745873 0,502776 0,995906 0,901813 -0,488813 -0,996627 -0,718644 0,369819 0,985138 0,924902 -0,023476 -0,592505 -0,806856 -0,996938 -0,772409 0,65696 
-0,025549 0,168612 0,503496 0,703312 -0,732262 -0,745873 0,502776 0,995906 0,901813 -0,488813 -0,996627 -0,718644 0,369819 0,985138 0,924902 -0,023476 -0,592505 -0,806856 -0,996938 -0,772409 
-0,943593 -0,025549 0,168612 0,503496 0,703312 -0,732262 -0,745873 0,502776 0,995906 0,901813 -0,488813 -0,996627 -0,718644 0,369819 0,985138 0,924902 -0,023476 -0,592505 -0,806856 -0,996938 
-0,931772 -0,943593 -0,025549 0,168612 0,503496 0,703312 -0,732262 -0,745873 0,502776 0,995906 0,901813 -0,488813 -0,996627 -0,718644 0,369819 0,985138 0,924902 -0,023476 -0,592505 -0,806856 
0,113823 -0,931772 -0,943593 -0,025549 0,168612 0,503496 0,703312 -0,732262 -0,745873 0,502776 0,995906 0,901813 -0,488813 -0,996627 -0,718644 0,369819 0,985138 0,924902 -0,023476 -0,592505 
0,350297 0,113823 -0,931772 -0,943593 -0,025549 0,168612 0,503496 0,703312 -0,732262 -0,745873 0,502776 0,995906 0,901813 -0,488813 -0,996627 -0,718644 0,369819 0,985138 0,924902 -0,023476 
0,861184 0,350297 0,113823 -0,931772 -0,943593 -0,025549 0,168612 0,503496 0,703312 -0,732262 -0,745873 0,502776 0,995906 0,901813 -0,488813 -0,996627 -0,718644 0,369819 0,985138 0,924902 
0,934495 0,861184 0,350297 0,113823 -0,931772 -0,943593 -0,025549 0,168612 0,503496 0,703312 -0,732262 -0,745873 0,502776 0,995906 0,901813 -0,488813 -0,996627 -0,718644 0,369819 0,985138 
-0,049474 0,934495 0,861184 0,350297 0,113823 -0,931772 -0,943593 -0,025549 0,168612 0,503496 0,703312 -0,732262 -0,745873 0,502776 0,995906 0,901813 -0,488813 -0,996627 -0,718644 0,369819 
-0,390564 -0,049474 0,934495 0,861184 0,350297 0,113823 -0,931772 -0,943593 -0,025549 0,168612 0,503496 0,703312 -0,732262 -0,745873 0,502776 0,995906 0,901813 -0,488813 -0,996627 -0,718644 
-0,428439 -0,390564 -0,049474 0,934495 0,861184 0,350297 0,113823 -0,931772 -0,943593 -0,025549 0,168612 0,503496 0,703312 -0,732262 -0,745873 0,502776 0,995906 0,901813 -0,488813 -0,996627 
0,70167 -0,428439 -0,390564 -0,049474 0,934495 0,861184 0,350297 0,113823 -0,931772 -0,943593 -0,025549 0,168612 0,503496 0,703312 -0,732262 -0,745873 0,502776 0,995906 0,901813 -0,488813 
0,749651 0,70167 -0,428439 -0,390564 -0,049474 0,934495 0,861184 0,350297 0,113823 -0,931772 -0,943593 -0,025549 0,168612 0,503496 0,703312 -0,732262 -0,745873 0,502776 0,995906 0,901813 
0,207907 0,749651 0,70167 -0,428439 -0,390564 -0,049474 0,934495 0,861184 0,350297 0,113823 -0,931772 -0,943593 -0,025549 0,168612 0,503496 0,703312 -0,732262 -0,745873 0,502776 0,995906 
-0,667915 0,207907 0,749651 0,70167 -0,428439 -0,390564 -0,049474 0,934495 0,861184 0,350297 0,113823 -0,931772 -0,943593 -0,025549 0,168612 0,503496 0,703312 -0,732262 -0,745873 0,502776 
-0,761834 -0,667915 0,207907 0,749651 0,70167 -0,428439 -0,390564 -0,049474 0,934495 0,861184 0,350297 0,113823 -0,931772 -0,943593 -0,025549 0,168612 0,503496 0,703312 -0,732262 -0,745873 
-0,726721 -0,761834 -0,667915 0,207907 0,749651 0,70167 -0,428439 -0,390564 -0,049474 0,934495 0,861184 0,350297 0,113823 -0,931772 -0,943593 -0,025549 0,168612 0,503496 0,703312 -0,732262 
-0,139635 -0,726721 -0,761834 -0,667915 0,207907 0,749651 0,70167 -0,428439 -0,390564 -0,049474 0,934495 0,861184 0,350297 0,113823 -0,931772 -0,943593 -0,025549 0,168612 0,503496 0,703312 
0,779577 -0,139635 -0,726721 -0,761834 -0,667915 0,207907 0,749651 0,70167 -0,428439 -0,390564 -0,049474 0,934495 0,861184 0,350297 0,113823 -0,931772 -0,943593 -0,025549 0,168612 0,503496 
0,972006 0,779577 -0,139635 -0,726721 -0,761834 -0,667915 0,207907 0,749651 0,70167 -0,428439 -0,390564 -0,049474 0,934495 0,861184 0,350297 0,113823 -0,931772 -0,943593 -0,025549 0,168612 
0,631348 0,972006 0,779577 -0,139635 -0,726721 -0,761834 -0,667915 0,207907 0,749651 0,70167 -0,428439 -0,390564 -0,049474 0,934495 0,861184 0,350297 0,113823 -0,931772 -0,943593 -0,025549 
-0,504906 0,631348 0,972006 0,779577 -0,139635 -0,726721 -0,761834 -0,667915 0,207907 0,749651 0,70167 -0,428439 -0,390564 -0,049474 0,934495 0,861184 0,350297 0,113823 -0,931772 -0,943593 
-0,469296 -0,504906 0,631348 0,972006 0,779577 -0,139635 -0,726721 -0,761834 -0,667915 0,207907 0,749651 0,70167 -0,428439 -0,390564 -0,049474 0,934495 0,861184 0,350297 0,113823 -0,931772 
0,856949 -0,469296 -0,504906 0,631348 0,972006 0,779577 -0,139635 -0,726721 -0,761834 -0,667915 0,207907 0,749651 0,70167 -0,428439 -0,390564 -0,049474 0,934495 0,861184 0,350297 0,113823 
0,975369 0,856949 -0,469296 -0,504906 0,631348 0,972006 0,779577 -0,139635 -0,726721 -0,761834 -0,667915 0,207907 0,749651 0,70167 -0,428439 -0,390564 -0,049474 0,934495 0,861184 0,350297 
0,992888 0,975369 0,856949 -0,469296 -0,504906 0,631348 0,972006 0,779577 -0,139635 -0,726721 -0,761834 -0,667915 0,207907 0,749651 0,70167 -0,428439 -0,390564 -0,049474 0,934495 0,861184 
0,889936 0,992888 0,975369 0,856949 -0,469296 -0,504906 0,631348 0,972006 0,779577 -0,139635 -0,726721 -0,761834 -0,667915 0,207907 0,749651 0,70167 -0,428439 -0,390564 -0,049474 0,934495 
-0,21838 0,889936 0,992888 0,975369 0,856949 -0,469296 -0,504906 0,631348 0,972006 0,779577 -0,139635 -0,726721 -0,761834 -0,667915 0,207907 0,749651 0,70167 -0,428439 -0,390564 -0,049474 
-0,346145 -0,21838 0,889936 0,992888 0,975369 0,856949 -0,469296 -0,504906 0,631348 0,972006 0,779577 -0,139635 -0,726721 -0,761834 -0,667915 0,207907 0,749651 0,70167 -0,428439 -0,390564 
0,30132 -0,346145 -0,21838 0,889936 0,992888 0,975369 0,856949 -0,469296 -0,504906 0,631348 0,972006 0,779577 -0,139635 -0,726721 -0,761834 -0,667915 0,207907 0,749651 0,70167 -0,428439 
0,996733 0,30132 -0,346145 -0,21838 0,889936 0,992888 0,975369 0,856949 -0,469296 -0,504906 0,631348 0,972006 0,779577 -0,139635 -0,726721 -0,761834 -0,667915 0,207907 0,749651 0,70167 
0,963573 0,996733 0,30132 -0,346145 -0,21838 0,889936 0,992888 0,975369 0,856949 -0,469296 -0,504906 0,631348 0,972006 0,779577 -0,139635 -0,726721 -0,761834 -0,667915 0,207907 0,749651 
-0,546385 0,963573 0,996733 0,30132 -0,346145 -0,21838 0,889936 0,992888 0,975369 0,856949 -0,469296 -0,504906 0,631348 0,972006 0,779577 -0,139635 -0,726721 -0,761834 -0,667915 0,207907 
-0,996177 -0,546385 0,963573 0,996733 0,30132 -0,346145 -0,21838 0,889936 0,992888 0,975369 0,856949 -0,469296 -0,504906 0,631348 0,972006 0,779577 -0,139635 -0,726721 -0,761834 -0,667915 
-0,635644 -0,996177 -0,546385 0,963573 0,996733 0,30132 -0,346145 -0,21838 0,889936 0,992888 0,975369 0,856949 -0,469296 -0,504906 0,631348 0,972006 0,779577 -0,139635 -0,726721 -0,761834 
0,225867 -0,635644 -0,996177 -0,546385 0,963573 0,996733 0,30132 -0,346145 -0,21838 0,889936 0,992888 0,975369 0,856949 -0,469296 -0,504906 0,631348 0,972006 0,779577 -0,139635 -0,726721 
0,950955 0,225867 -0,635644 -0,996177 -0,546385 0,963573 0,996733 0,30132 -0,346145 -0,21838 0,889936 0,992888 0,975369 0,856949 -0,469296 -0,504906 0,631348 0,972006 0,779577 -0,139635 
0,567728 0,950955 0,225867 -0,635644 -0,996177 -0,546385 0,963573 0,996733 0,30132 -0,346145 -0,21838 0,889936 0,992888 0,975369 0,856949 -0,469296 -0,504906 0,631348 0,972006 0,779577 
-0,285488 0,567728 0,950955 0,225867 -0,635644 -0,996177 -0,546385 0,963573 0,996733 0,30132 -0,346145 -0,21838 0,889936 0,992888 0,975369 0,856949 -0,469296 -0,504906 0,631348 0,972006 
-0,97259 -0,285488 0,567728 0,950955 0,225867 -0,635644 -0,996177 -0,546385 0,963573 0,996733 0,30132 -0,346145 -0,21838 0,889936 0,992888 0,975369 0,856949 -0,469296 -0,504906 0,631348 
-0,950469 -0,97259 -0,285488 0,567728 0,950955 0,225867 -0,635644 -0,996177 -0,546385 0,963573 0,996733 0,30132 -0,346145 -0,21838 0,889936 0,992888 0,975369 0,856949 -0,469296 -0,504906 
-0,228139 -0,950469 -0,97259 -0,285488 0,567728 0,950955 0,225867 -0,635644 -0,996177 -0,546385 0,963573 0,996733 0,30132 -0,346145 -0,21838 0,889936 0,992888 0,975369 0,856949 -0,469296 
0,195653 -0,228139 -0,950469 -0,97259 -0,285488 0,567728 0,950955 0,225867 -0,635644 -0,996177 -0,546385 0,963573 0,996733 0,30132 -0,346145 -0,21838 0,889936 0,992888 0,975369 0,856949 
0,820831 0,195653 -0,228139 -0,950469 -0,97259 -0,285488 0,567728 0,950955 0,225867 -0,635644 -0,996177 -0,546385 0,963573 0,996733 0,30132 -0,346145 -0,21838 0,889936 0,992888 0,975369 
0,930981 0,820831 0,195653 -0,228139 -0,950469 -0,97259 -0,285488 0,567728 0,950955 0,225867 -0,635644 -0,996177 -0,546385 0,963573 0,996733 0,30132 -0,346145 -0,21838 0,889936 0,992888 
0,58544 0,930981 0,820831 0,195653 -0,228139 -0,950469 -0,97259 -0,285488 0,567728 0,950955 0,225867 -0,635644 -0,996177 -0,546385 0,963573 0,996733 0,30132 -0,346145 -0,21838 0,889936 
-0,092307 0,58544 0,930981 0,820831 0,195653 -0,228139 -0,950469 -0,97259 -0,285488 0,567728 0,950955 0,225867 -0,635644 -0,996177 -0,546385 0,963573 0,996733 0,30132 -0,346145 -0,21838 
-0,118274 -0,092307 0,58544 0,930981 0,820831 0,195653 -0,228139 -0,950469 -0,97259 -0,285488 0,567728 0,950955 0,225867 -0,635644 -0,996177 -0,546385 0,963573 0,996733 0,30132 -0,346145 
0,486978 -0,118274 -0,092307 0,58544 0,930981 0,820831 0,195653 -0,228139 -0,950469 -0,97259 -0,285488 0,567728 0,950955 0,225867 -0,635644 -0,996177 -0,546385 0,963573 0,996733 0,30132 
0,94443 0,486978 -0,118274 -0,092307 0,58544 0,930981 0,820831 0,195653 -0,228139 -0,950469 -0,97259 -0,285488 0,567728 0,950955 0,225867 -0,635644 -0,996177 -0,546385 0,963573 0,996733 
0,842045 0,94443 0,486978 -0,118274 -0,092307 0,58544 0,930981 0,820831 0,195653 -0,228139 -0,950469 -0,97259 -0,285488 0,567728 0,950955 0,225867 -0,635644 -0,996177 -0,546385 0,963573 
-0,080296 0,842045 0,94443 0,486978 -0,118274 -0,092307 0,58544 0,930981 0,820831 0,195653 -0,228139 -0,950469 -0,97259 -0,285488 0,567728 0,950955 0,225867 -0,635644 -0,996177 -0,546385 
-0,520611 -0,080296 0,842045 0,94443 0,486978 -0,118274 -0,092307 0,58544 0,930981 0,820831 0,195653 -0,228139 -0,950469 -0,97259 -0,285488 0,567728 0,950955 0,225867 -0,635644 -0,996177 
-0,985691 -0,520611 -0,080296 0,842045 0,94443 0,486978 -0,118274 -0,092307 0,58544 0,930981 0,820831 0,195653 -0,228139 -0,950469 -0,97259 -0,285488 0,567728 0,950955 0,225867 -0,635644 
-0,940539 -0,985691 -0,520611 -0,080296 0,842045 0,94443 0,486978 -0,118274 -0,092307 0,58544 0,930981 0,820831 0,195653 -0,228139 -0,950469 -0,97259 -0,285488 0,567728 0,950955 0,225867 
-0,323066 -0,940539 -0,985691 -0,520611 -0,080296 0,842045 0,94443 0,486978 -0,118274 -0,092307 0,58544 0,930981 0,820831 0,195653 -0,228139 -0,950469 -0,97259 -0,285488 0,567728 0,950955 
0,90463 -0,323066 -0,940539 -0,985691 -0,520611 -0,080296 0,842045 0,94443 0,486978 -0,118274 -0,092307 0,58544 0,930981 0,820831 0,195653 -0,228139 -0,950469 -0,97259 -0,285488 0,567728 
0,998228 0,90463 -0,323066 -0,940539 -0,985691 -0,520611 -0,080296 0,842045 0,94443 0,486978 -0,118274 -0,092307 0,58544 0,930981 0,820831 0,195653 -0,228139 -0,950469 -0,97259 -0,285488 
0,487513 0,998228 0,90463 -0,323066 -0,940539 -0,985691 -0,520611 -0,080296 0,842045 0,94443 0,486978 -0,118274 -0,092307 0,58544 0,930981 0,820831 0,195653 -0,228139 -0,950469 -0,97259 
-0,974968 0,487513 0,998228 0,90463 -0,323066 -0,940539 -0,985691 -0,520611 -0,080296 0,842045 0,94443 0,486978 -0,118274 -0,092307 0,58544 0,930981 0,820831 0,195653 -0,228139 -0,950469 
-0,999987 -0,974968 0,487513 0,998228 0,90463 -0,323066 -0,940539 -0,985691 -0,520611 -0,080296 0,842045 0,94443 0,486978 -0,118274 -0,092307 0,58544 0,930981 0,820831 0,195653 -0,228139 
-0,386241 -0,999987 -0,974968 0,487513 0,998228 0,90463 -0,323066 -0,940539 -0,985691 -0,520611 -0,080296 0,842045 0,94443 0,486978 -0,118274 -0,092307 0,58544 0,930981 0,820831 0,195653 
0,694502 -0,386241 -0,999987 -0,974968 0,487513 0,998228 0,90463 -0,323066 -0,940539 -0,985691 -0,520611 -0,080296 0,842045 0,94443 0,486978 -0,118274 -0,092307 0,58544 0,930981 0,820831 
0,666591 0,694502 -0,386241 -0,999987 -0,974968 0,487513 0,998228 0,90463 -0,323066 -0,940539 -0,985691 -0,520611 -0,080296 0,842045 0,94443 0,486978 -0,118274 -0,092307 0,58544 0,930981 
-0,728714 0,666591 0,694502 -0,386241 -0,999987 -0,974968 0,487513 0,998228 0,90463 -0,323066 -0,940539 -0,985691 -0,520611 -0,080296 0,842045 0,94443 0,486978 -0,118274 -0,092307 0,58544 
-0,500159 -0,728714 0,666591 0,694502 -0,386241 -0,999987 -0,974968 0,487513 0,998228 0,90463 -0,323066 -0,940539 -0,985691 -0,520611 -0,080296 0,842045 0,94443 0,486978 -0,118274 -0,092307 
-0,089433 -0,500159 -0,728714 0,666591 0,694502 -0,386241 -0,999987 -0,974968 0,487513 0,998228 0,90463 -0,323066 -0,940539 -0,985691 -0,520611 -0,080296 0,842045 0,94443 0,486978 -0,118274 
0,197302 -0,089433 -0,500159 -0,728714 0,666591 0,694502 -0,386241 -0,999987 -0,974968 0,487513 0,998228 0,90463 -0,323066 -0,940539 -0,985691 -0,520611 -0,080296 0,842045 0,94443 0,486978 
0,903214 0,197302 -0,089433 -0,500159 -0,728714 0,666591 0,694502 -0,386241 -0,999987 -0,974968 0,487513 0,998228 0,90463 -0,323066 -0,940539 -0,985691 -0,520611 -0,080296 0,842045 0,94443 
0,897956 0,903214 0,197302 -0,089433 -0,500159 -0,728714 0,666591 0,694502 -0,386241 -0,999987 -0,974968 0,487513 0,998228 0,90463 -0,323066 -0,940539 -0,985691 -0,520611 -0,080296 0,842045 
0,162979 0,897956 0,903214 0,197302 -0,089433 -0,500159 -0,728714 0,666591 0,694502 -0,386241 -0,999987 -0,974968 0,487513 0,998228 0,90463 -0,323066 -0,940539 -0,985691 -0,520611 -0,080296 
-0,121475 0,162979 0,897956 0,903214 0,197302 -0,089433 -0,500159 -0,728714 0,666591 0,694502 -0,386241 -0,999987 -0,974968 0,487513 0,998228 0,90463 -0,323066 -0,940539 -0,985691 -0,520611 
-0,594581 -0,121475 0,162979 0,897956 0,903214 0,197302 -0,089433 -0,500159 -0,728714 0,666591 0,694502 -0,386241 -0,999987 -0,974968 0,487513 0,998228 0,90463 -0,323066 -0,940539 -0,985691 
-0,814056 -0,594581 -0,121475 0,162979 0,897956 0,903214 0,197302 -0,089433 -0,500159 -0,728714 0,666591 0,694502 -0,386241 -0,999987 -0,974968 0,487513 0,998228 0,90463 -0,323066 -0,940539 
0,497892 -0,814056 -0,594581 -0,121475 0,162979 0,897956 0,903214 0,197302 -0,089433 -0,500159 -0,728714 0,666591 0,694502 -0,386241 -0,999987 -0,974968 0,487513 0,998228 0,90463 -0,323066 
0,577047 0,497892 -0,814056 -0,594581 -0,121475 0,162979 0,897956 0,903214 0,197302 -0,089433 -0,500159 -0,728714 0,666591 0,694502 -0,386241 -0,999987 -0,974968 0,487513 0,998228 0,90463 
-0,177131 0,577047 0,497892 -0,814056 -0,594581 -0,121475 0,162979 0,897956 0,903214 0,197302 -0,089433 -0,500159 -0,728714 0,666591 0,694502 -0,386241 -0,999987 -0,974968 0,487513 0,998228 
