0,467224076607835 1,21195183531935 1,2552292871394
1,57419289596106 0,967102338715658 0,529284494045357
1,66153886915598 0,255336943933931 -0,744300619897838
0,626774187292833 0,125760978759821 -0,248191689047319
-0,733898227296988 -0,587136074964685 0,559218298857411
-0,613991208451063 0,00598519477314968 1,25691936039537
0,615533899290013 1,44323117960709 1,11331042682827
1,53300200290035 1,27100913222847 0,919007090200712
1,61840271356828 1,32950608293181 -0,542844989709808
1,35394875567268 -0,337189300262781 -0,535139575723059
0,148207568512537 -0,969529236525911 0,38807540086986
-0,00176033830714795 0,0512905201047121 0,463649549082531
0,394426436892441 0,877597171101372 1,89963415025374
0,914580114888138 1,39655611866582 1,24747145866408
1,54468286759096 0,878923527178952 -0,185393850151768
1,10467985118043 0,0130106832635218 -0,701043150750551
0,312704144444975 -0,38404293333283 -0,669439268865235
-0,724848206528934 0,138620819705954 0,613810383911706
-0,342036829278695 0,741085882089225 1,00177521563399
0,988920465017716 1,01662269493589 0,977072952735981
1,29993361553356 1,64706681043542 0,898533815957071
1,3843068831185 0,784574190540655 0,00588209986778565
0,777232957455121 -0,821546004407786 -0,121653600413317
-0,0510691193747235 -0,491644650687424 0,695618808599571
-0,214672394888915 0,268184569329669 1,14285426839695
0,39441681160015 1,08449834276508 1,00939112698776
1,16693758892526 1,13102838432609 0,887379386069333
1,69719770845506 0,612128597628754 -0,0341566321331057
0,654208441229072 -0,207954490161684 -0,847178720545699
-0,202918739591426 -0,398752173342288 0,592617120355809
-0,033379076743336 -0,312081545784953 0,905179371308159
0,364571835035879 0,65885139449726 1,59544945117885
1,24122517450118 1,00633612742091 0,9642928733108
1,25031882257761 1,19739043039781 -0,151943069334949
1,00551226565572 0,377273506813442 -0,828358006215589
-0,174605250287054 -0,446135535210202 -0,154466386306811
-0,908141497111713 0,238643722438059 0,565637358850182
-0,607723367033892 0,731032695618491 1,89282037457076
0,820312295147846 1,60996197103946 1,21430152305783
1,2417032594517 0,909461752140592 0,179123436975066
1,45636276097514 0,166746453319274 -0,481126598898823
0,628647327109723 -0,0760228104647125 -0,509797130847511
-0,442303679284758 0,0905217441301668 0,310813531277286
-0,0470165157828317 0,854671993543844 1,16641914950595
0,635506936497894 1,00487570050944 1,40813305929261
1,19113752213438 1,16618054816367 0,659339755756516
1,36784475250114 0,25329835645733 0,141781414494702
0,775354279242198 -0,391176873033529 -0,246655057803956
-0,0408686757855893 -0,0349148717330536 0,394917128925078
-0,529024950979678 -0,0177090897834457 1,13148730434357
-0,136025625210828 1,08211979593525 1,82870326769288
0,767693257254375 1,52578495401503 0,738863772335635
1,82747224318488 1,0850847338031 0,406168390007056
1,23736838562827 0,220570501726605 -0,376408341884471
-0,3628289079733 -0,700876043872983 -0,476339214730284
-0,0460020181896575 -0,103541247156284 0,716856696181613
-0,0988707254440416 0,619874474086024 1,37464703232505
1,36958648481502 1,80472411639982 0,671361365088275
1,42058267804594 0,696206451137957 0,643480712731628
1,36503536120043 -0,244926610725862 -0,0444568135838899
0,359875008049864 -0,916627603157311 -0,0615499738109409
-0,134264292336719 -0,0807716982965569 0,592435148649358
-0,265740747329786 0,687696630284287 1,53484085219756
0,33076178979281 1,41941538465266 1,40206129638369
1,49083523234941 1,451441848896 0,323814529109917
1,11351792383432 0,429269861594691 -0,777321320170821
0,635334653574921 -0,0818871486062071 -0,397099654593501
-0,478919937280104 -0,895880255552368 -0,0538287687009031
-0,818443936429608 0,0781426851427219 1,37392983333449
0,692667503920073 1,44364473300748 1,4307435712301
1,16853796987785 1,06360195033747 0,883098936006949
0,994351135688543 0,430580969056395 0,0530974268398319
1,1995394713979 -0,312665293680666 -0,344676129335277
-0,0566396178772308 -0,504833054618722 0,509887189539717
-0,319269133535229 -0,128507448256563 1,25042800928051
0,418760131937495 0,928720172312752 1,18675845749012
1,25036531171343 1,14054094419792 1,1176258843677
1,86961283361007 0,580390002449942 -0,157861488700269
0,934811386316247 -0,156027081250646 -0,946445912209217
0,172562009048489 -0,241518920511384 -0,164406494847697
-0,168848357353424 0,0360996373417231 1,16381566096497
-0,494762098249412 1,08198758360313 1,35520651047296
1,25918582608176 1,49587717281864 1,18104588318483
1,58886076050693 1,07416345578165 -0,0843612675365708
1,17091884774482 -0,134322151359776 -0,63013882248447
0,427083581198056 -0,212735532241859 -0,0790445986467663
-0,546822774304104 -0,548875859718064 0,865713266244999
-0,409016983763606 0,158592945621668 1,38880267164486
0,911439792329227 1,38462401910307 0,940132414221247
1,20309379905013 1,51646021570601 0,994659530588654
1,57642330561354 0,435028942631026 -0,167729139821154
0,280976143457371 0,0156259728243211 -0,133956567036599
-0,732384123198543 -0,417530910361971 0,245263400515166
-0,650803818260394 0,615332738230593 1,51836153843224
0,494130750330194 0,74702309014463 1,78363539534318
1,19519479070427 1,41595189279216 0,404265816901118
1,97651930092199 1,19728146820959 0,00398080070423912
0,684277242757624 -0,333342866934381 -0,519779077687121
0,0617846639249959 -0,586967390483619 0,036427347618411
-0,677353221486876 -0,247281234680283 0,696229975057785
-0,165659342357673 1,05495843758936 1,8998759509714
1,01120933145239 1,93289644875217 0,634920336270833
1,47480421397577 0,885728527407666 -0,0749609770138456
1,10198268172859 0,23445485156685 -0,790563599683261
-0,0693645511612952 -0,891377933847082 -0,314785246866342
0,0246798562777336 -0,0537243830114843 0,244215012040166
0,00154311584272238 0,548890158188089 1,01900897135059
0,206259417307761 1,27691134316781 1,6215324295597
1,23812785156062 1,1944997449192 0,0447597477387565
0,949051779931735 0,495579417705724 -0,481698849873217
0,227289907420107 -0,139323114892824 -0,618328779888332
-0,618240250507222 0,0667764198906348 0,160470167394034
0,0400550597162911 0,0830172856305996 0,910672106696055
0,69093403918714 0,81693604203209 1,11505958541727
1,56297704040622 1,45937283922618 0,498257867816974
1,34282632286521 0,289073045093153 -0,52881628556975
0,303731896649008 -0,0497465448351886 -0,243130842410717
-0,206338219686718 -0,388784172268181 0,523571891363963
-0,82993844709745 -0,0521754754330979 0,833450996873295
-0,271144764748482 0,828485382343519 1,55912774383446
1,50354046321697 1,34648347404553 1,22163095407092
1,86262405213487 0,706174618677457 0,370945430322006
1,40701801327212 -0,453956836791742 -0,873301661456245
-0,305198310762324 -0,930522511157086 -0,122821533643097
-0,0619454374244258 0,324529211654569 0,662143585950424
0,306525755351649 0,573471846695965 1,80878539979102
0,873184174144482 1,8865484245448 1,04638319705574
1,9007508377006 0,786276380512428 0,706397307652126
1,36506898260576 0,594699472218039 -0,798045613244881
0,183217439637979 -0,835808474030009 -0,174059988884225
-0,9252936895605 0,0181879402568161 0,985408580538662
-0,24622418823284 0,918270253221751 1,55325316024307
0,499790038364031 1,78315358052785 1,19240085688029
1,29971330965533 1,37501094592466 0,134833683935019
0,924421146392653 1,00073400946146 -0,215646286354782
0,333971087191808 -0,240815034938971 -0,289916128625574
-0,227609974197477 -0,713066947151923 -0,152304654518051
-0,525829974445886 0,329013728718047 1,03003597205355
0,00691477305601118 1,69088863977121 1,26266923875156
1,51912723170867 1,20001721474758 0,782459965897815
1,67902824351003 0,894785393072535 0,323854170573689
0,848013292553718 -0,437902087866401 -0,762972212535341
-0,0269010750144507 -0,629983010313024 -0,415638589130936
-0,350480004626109 -0,0151618305761366 0,7970383587537
0,0386576982298027 0,580190957074743 1,42130140095946
0,746625650768129 1,88609361364726 0,761917368536535
1,32155295244426 1,00747289289951 -0,099778701851687
1,0885060328925 0,475534204826759 -0,109798679344069
0,223462398945389 -0,386520867580597 -0,442151090454556
-0,376279495530699 -0,384464263282177 1,07252803894488
-0,313018604911583 0,825809232149699 1,62773079275521
1,08933732131144 1,66527949312024 1,76387268254093
1,06813634383878 1,36005498352773 0,700552066800391
1,14581435280502 0,622788131678794 -0,692056161551623
0,515294983909087 0,0416458935029546 -0,128196874730786
-0,126857574500404 0,00522056916931157 0,365071650314577
0,027338994176345 0,876538000959155 0,90100816454844
0,0500076897832861 1,29378741768889 1,7608684160042
0,976558004579422 1,15884630477366 0,937171686927245
0,986318940703819 1,1424713922898 -0,140642646790263
1,18207306754297 0,260116994011789 -0,940500166579474
-0,497402938339063 -0,732442819263152 0,497290236743352
-0,34356742309116 0,287581676387549 0,975419603681444
0,112449950227308 0,738997446656282 1,33376731722313
0,985333720620002 1,98346728674285 1,19701196580962
1,05509615069946 1,38553825357232 0,423359536001535
0,594553788394687 0,339791198123523 -0,296050696244275
0,352554959113411 -0,30792774920141 -0,227674245164494
-0,23197919926584 -0,329698275618031 0,472345485069636
0,27106171703769 1,05310298734085 1,48922326425443
0,586375128714229 1,06460747904282 1,33926740902378
1,17729813321291 1,08542510304788 0,51137315643221
0,851964777191441 0,161399941013355 -0,267511629503838
0,690576798582226 -0,824890493679189 -0,556621259426432
-0,87232860672015 -0,359371108259158 0,882774111281149
-0,0319205649302938 0,80990752614156 1,3898831016456
0,17838051829003 1,00102482457952 1,19465521902072
1,69642649345192 1,81311232012851 0,178426916154362
1,73821788206157 0,205264830417651 -0,527873395717341
0,734346728939786 -0,361341878003762 0,0372545393530094
-0,0746482527181492 -0,174630057130719 0,725257254488471
-0,0685969707702713 0,0168533869548527 0,764728465773031
0,494580703031593 0,898374085566661 1,58548842771803
1,70021712097488 1,89057761753108 0,8766573960115
1,20654376141669 0,556496073264999 0,101745966868115
0,803230436872472 0,161947840898963 -0,749688970738362
-0,039720190242976 -0,00119096413165587 0,057622632986301
-0,383768307688023 0,289909633493551 1,06633644870938
-0,279971155917648 0,904206921210354 1,15027890545561
1,00622147359404 1,33786399769264 0,837131848148328
1,4467037280098 1,07458962376975 0,577461358544922
1,29015295373815 -0,18005540917182 -0,628706437037014
-0,0464633422889004 -0,782177636438422 -0,488257295204653
-0,222482756955133 -0,63853406795253 0,768916280727825
0,20100294017259 0,335546237468073 1,14897185813189
1,00649833529329 1,52840738311868 1,52146793407316
1,3434649000619 1,19983913239875 0,29099229306013
0,82160303028235 0,0217422227242043 -0,437968137597975
0,360981045808011 -0,768697168755995 0,123090743267321
-0,528779010720307 -0,200995380961032 0,744855234593932
0,0302711335448171 0,120567998286982 1,65604736518125
0,304790494021777 1,3490506702723 1,36762185909908
1,40405490658629 1,4680246730163 0,237112304003488
1,28732946700526 0,350254600728041 -0,147204667497209
0,235473377902739 0,0914324218775626 -0,0425141051808793
0,268787181496833 -0,264628456862366 0,311036705490622
-0,601065210645945 0,0702038182542051 1,4410795701847
0,088512508080517 0,728036605625169 1,93249807129904
1,48072034515355 1,41957390373261 0,846078779262595
1,4850356594933 0,722403286147186 -0,429266572681992
0,821080615446542 0,46440733616524 -0,474370071866043
-0,0836643050992766 -0,145941706888603 0,293623392490419
-0,298514439378426 -0,0510620951192564 0,936658757443896
0,18735902380999 0,552606618955132 1,03440797665663
1,05386959783918 1,0301606996109 0,951957536408768
1,78312366641108 1,68850265711767 0,0669092753296331
1,20776138886996 0,228793338794169 -0,539436306280891
0,118964698036188 0,0369186055383748 -0,526621671035402
0,0322093179896068 -0,313663846355865 0,151888286059125
0,123182787289304 0,583427042265542 1,00546379931873
0,144350610499819 0,995006279872021 1,14898104326126
1,85914946140098 0,869608507950865 0,245732536669482
0,912666656556176 0,679022955108697 0,142303545372184
0,103787270904206 -0,527768962518723 -0,756789956442066
-0,73573857040091 -0,331647829154891 0,0256578610574037
-0,152245592710294 0,542703571999667 0,790112194851067
0,486688564310065 0,789832967579261 1,40328615567937
0,804427973247306 1,94948917968777 1,12777218932913
1,63131612260558 0,336278159386464 0,359947853094561
0,590146321205346 -0,183414500621187 -0,620029697987252
0,201840234685302 -0,209449064122243 -0,418196528309569
-0,541749885130544 0,259301022385401 0,579078967388789
0,314255426422359 1,21619876474387 1,04807409912197
0,561959278467591 1,75797891731684 0,947061339923639
1,33988303320881 1,04155575588042 -0,198409176075478
0,810369940475697 -0,100268208951271 -0,600961785763882
-0,326740697195555 -0,785073309757248 0,0509273927983747
0,0124781060091327 -0,456210965866854 0,662944640544458
-0,000814204934034057 1,20927320311069 1,07764651971223
0,718911066723255 1,25996275832338 1,77930359335685
1,16211214917274 1,56849358014328 0,0961078588883601
1,36323176424271 0,13561743937738 -0,392392439645885
0,0344128191216615 -0,268061226519772 0,0147330038878193
-0,751247356225374 -0,860819163704542 -0,025524657010478
-0,844740109482995 0,572699821576203 1,12637214401741
0,0199758310311895 1,55906303379348 1,44270418781406
1,44154690585809 1,3557169461366 0,919904028390133
1,52182315863247 0,400244678453299 -0,49139805003625
0,819803105013928 0,0963052695038595 -0,417758041219358
-0,111736957790456 -0,205455623160479 0,425001363489426
-0,0223896987474119 -0,0296820960861802 1,02595409054198
-0,266678332453795 1,46956521341634 1,97045408791822
0,796167143531062 1,75762001971076 0,680138666058153
1,67022973282212 0,55015747090915 0,142824123224656
0,953725678849035 0,399537764685973 -0,806040609722015
0,215523964836069 -0,0245682481771817 0,0431955876931072
-0,882566219232279 0,0513163391709414 0,609915114494245
0,0429471876641965 1,2370691060422 1,86920102671504
0,638825597741338 1,60524420506852 1,25127901145115
1,94114780694587 1,62645876898995 0,164079674866153
1,6280866347038 0,27091728190475 -0,09141598356687
-0,112607129631782 -0,757668037685539 -0,0676418140654576
-0,332545682842294 0,185433476523705 0,876376868659188
-0,445465400351421 0,997050947999454 1,87351691321477
0,39377472058332 1,84339107216803 1,19080521425231
0,979946321103062 0,953343218808301 0,344931336877293
0,902651745486921 0,948503563287826 0,0269936660047879
0,971585393069974 -0,323050590234431 -0,783047997848144
-0,305519274895851 -0,591612921928332 0,25843233852222
-0,40611284347302 0,619679610455463 0,958112799899567
0,231545105140648 0,948811128136942 1,78793416430032
1,55198970265579 1,69891601169783 0,895160236730143
1,76069697062869 0,68225285620656 0,0853943210889927
0,794562207822312 -0,523741833604156 -0,984126202012414
0,216281973431614 -0,211225296192385 0,289554392213234
-0,74311258138576 -0,115538531877377 1,42205689080223
0,110770994939709 0,687258133566336 1,52788292062702
0,772480461687748 1,91447799582574 0,596166466848491
1,56005329877938 0,574712502780191 -0,370395350620945
1,28255963126638 0,228548922503943 -0,126361722807029
-0,110482334389255 -0,886739446419097 -0,507594659430489
-0,43969403522766 0,2496409690092 0,929285671994349
-0,516820247261007 0,722830870059366 1,16988579693371
1,0026436257185 1,24466008693789 1,49810808121627
1,54532139995975 1,33510725627914 0,692151054109179
1,61294114331875 -0,0247909231444436 -0,181816557057058
0,291944071299032 -0,632397956525102 -0,852217540599699
-0,371515240243351 0,106973011038527 0,595950716748151
-0,158964218238078 0,122593883311924 1,12748903947347
0,762972526437396 1,08509231103869 1,64194358368493
1,39139164557327 0,995877414129596 0,920020339014557
1,77653023974806 0,371360947523507 -0,731443415580258
1,00792999982326 -0,438465019735924 -0,109840693070771
-0,680994098701245 -0,87526676199394 0,554786866804098
-0,276879240954997 0,501283637962048 1,51641895163202
0,499343426679964 1,30097996673157 1,34659029293144
0,859879116756154 1,71433170884547 1,35474350852297
1,29415873418253 0,745855642565687 -0,17076136986822
1,29164051251678 0,22932465695683 -0,863821231780709
0,0251066464436169 -0,150838591312667 0,218511780348814
-0,624966093248424 -0,188328079046865 0,606684504195267
-0,0618715789569251 0,58019792531982 1,20436543503558
1,36749496404786 1,72437392243898 1,02740750333955
1,78584073462374 1,6686723380794 0,526883914820208
1,53006189863982 0,0861479882290057 -0,779061949179565
-0,118685889604943 -0,116566753936758 -0,61182353150045
-0,210947677527559 0,124179450505028 0,608499223430778
0,178686803407818 0,689978716531663 1,43858539826023
0,92692651481215 1,16505770745775 1,61703286386985
1,30368038121634 0,851900819537224 0,470805373403838
1,72271066370644 0,311592436216801 -0,379972745355337
0,0966652517212259 -0,148374322384901 -0,196102233474182
-0,182954371040331 -0,724171212525178 0,463227548746699
-0,254584719324748 0,673990298736572 1,67161056312936
0,837927632318512 1,16904290096919 1,68678446758868
0,874451287252465 1,40522193236533 1,25750587182629
1,13990293550314 1,00812461961134 0,270145213041699
1,27586256388077 0,160308126119285 -0,0352725617638253
-0,351181563469024 -0,563907416602373 0,375904861926222
-0,317827345753759 0,265413563735676 1,45009702726496
0,0234323268932235 1,09877139223441 1,73664054658563
1,43317537710443 1,92729751460118 1,25594641741686
1,33738138612693 1,33226316247285 0,261069557237005
1,00569404145546 0,0908157280584866 -0,343179591572299
0,130526158505364 -0,907147008363529 -0,603779724223612
-0,429617384595456 0,286790295097238 0,413400849435942
0,150175569574255 0,94494026143315 1,77820648250153
1,07591389720119 1,18214815312231 1,05176724893584
1,49581190322397 1,65483914883563 0,357669689448431
1,25785524574935 0,654232194541165 -0,650041573807223
0,783965337510239 0,0692983066887328 -0,34743505602861
-0,204759455204902 -0,635867325985727 0,254098911898703
-0,656455330025602 0,0836322606106251 1,33319653078282
0,00963106985790218 1,62852104554034 1,57350590463542
1,1327034557359 1,63475602879062 0,366751289332644
1,18178268607906 0,594778803155197 -0,0280270842457483
1,04651822960215 -0,0170463976021307 -0,483923247112582
-0,0894129053597565 -0,101228450740985 -0,268310912805343
-0,862222183234818 0,358734214584165 0,994210448098256
0,159625538437864 1,01495068286662 1,02568828845189
0,864804305058137 1,83275606306392 1,41438748709814
1,4001884356933 0,958085223111684 -0,0166068625595165
0,566227078265936 0,297161329780996 -0,129438090313653
0,260313176776178 -0,631320462505706 0,313952385200138
-0,354048677068916 0,251338850429877 1,29430251016402
-0,382747024869922 0,921093735736506 1,49330297114751
0,48447036665527 1,25994006396073 1,10433267476975
1,75643388382729 1,25560934523652 -0,226791371686289
1,43504749720491 -0,0246917209595887 -0,844204116235689
0,199761308367717 -0,35726814563549 -0,19305443849433
-0,0399124549637275 -0,0145337663879037 0,868963334699836
-0,295343464679404 0,945108521755595 1,85900603765575
0,807475001513008 1,79575607522192 1,02533223633722
1,60622236185996 0,964217038471412 0,611141568098801
1,69388251517434 0,0997291475505755 -0,476196394841152
0,619487602782249 -0,825834688035568 -0,844458803657794
-0,704080295463004 0,0286333391481713 -0,00342928746888035
-0,0693255129687593 0,234085405466055 0,850884709550009
0,446626087504599 1,20424451187497 1,20242308037627
1,6984169333891 1,59041730103726 0,562579374407154
1,36417850723843 0,946268200234101 -0,424914318751811
0,586210450746614 0,220881837571609 -0,362933008080877
-0,526874605763021 -0,804851524352587 0,579284977105262
-0,0568933672584111 0,0828326220480506 1,16654808482821
-0,0920282196280118 0,919458429108932 1,14780516335952
1,38024349370412 1,91463350652315 1,03543366113298
1,6873522661366 0,695113357869689 -0,181094253661026
0,586450110852191 -0,0783956169062847 -0,326865018778128
0,0058730839300668 -0,911550475989435 -0,283191485427041
-0,356860504001024 0,223458134242914 0,644468542389629
0,0559237702431685 1,0126626006329 1,21635031277277
1,18861690348772 1,25305539320964 1,20684803684522
1,34048249295137 1,29657126303563 0,0719611165598435
1,48983736616978 0,339476015126147 -0,0818073040459234
-0,0764569319059756 -0,708011068567535 -0,393644547798126
-0,397798354756821 -0,316742558238994 1,00864499803898
0,109608293037127 0,760400615482335 1,37901534510756
0,75350262861259 1,10046900700825 1,3785012750713
0,890329148373977 1,26092572828996 0,457404742618467
1,47391412223604 1,01307829229463 0,0362522096796827
0,391669268824659 -0,266194205643358 -0,645587859621337
-0,12773831220018 -0,730095338527415 0,499316454543716
-0,588809967426286 0,148501310012839 0,747418851674031
0,421057624384624 1,12077681652749 1,35706648624499
0,940674484414129 1,93651914272429 1,0731929197852
1,39597686356811 1,38046261979983 -0,414599537104198
0,624761949730882 0,35945644992144 -0,440747027296191
-0,184141919561278 -0,312407906583902 -0,406853195497192
-0,176153981014428 0,432510427372808 0,898707785280932
0,252951720353699 1,28480194677002 1,92807216422452
0,559007734005058 1,80251087002017 1,30836256015351
1,4148206796138 1,12303768675763 0,696601914475809
1,16388604577659 0,142213074000508 0,0148712763831182
0,376403985164173 -0,816201380907296 -0,644574567817889
-0,0478022960969426 -0,490780030913553 0,453051211554636
-0,581353688725439 0,626255556798248 1,22227397721806
0,962405282552132 1,55267639773996 1,21066561303864
1,10476418553582 1,17935467705366 0,952116078661076
1,07142373735883 0,874305424673823 -0,0420391670348508
0,17084328650556 -0,0398371991611461 -0,637071070057552
-0,551224008804219 -0,316226991937315 0,439242835436944
-0,754302355311665 0,437593362573693 1,41466618097234
0,580648803032654 1,62225403926535 1,42271313344417
1,44445752354641 1,84132249526903 0,800187871632325
1,11192118216092 0,810296290399716 0,0930546880214622
0,720991709539269 -0,218942766271609 -0,553432150301086
0,157553583365088 -0,326604566919726 0,0980669393275356
-0,821865175998534 0,582358506554543 0,779263290915567
0,161484380568708 1,50138129035475 1,46288599721812
1,25381340421848 1,18312674650658 1,109010419285
1,18387359643126 0,85332091647222 0,191336401221355
1,23549573263276 -0,0630858779719078 -0,430822525100967
0,101540562138069 -0,224348076916263 0,0564616897237896
-0,34486968338417 -0,177167408547057 0,918462374645134
0,200056066999157 0,432408616117956 1,71468943870769
1,14590482883207 0,996178539611655 1,53880653711804
1,17266745794613 1,52018017828366 0,273343288933883
1,11485005844037 0,193384801128923 -0,768973801004379
0,603354421726458 -0,785100001568643 -0,219519372245412
-0,577701048555801 -0,236720609633926 0,645150616941423
-0,643550992356743 0,0357739435366542 1,52614342737704
0,908065692820462 1,34760006173342 1,45369768217458
1,76584941057235 1,34212155290592 0,289599390730985
1,09916693263262 1,03566836976056 -0,0911291545038042
0,854768943800928 -0,594111198399201 -0,750574580699228
0,106431592276588 -0,623058665324251 0,596892484731705
-0,479159983054099 0,462522146031752 1,58930840164634
0,409691142564744 1,16525159717559 1,38749353990321
0,823550577461145 1,79357050967117 1,35877926345733
1,46160531682982 1,33098445902034 -0,327964331087509
1,34251521271646 -0,370736843990374 -0,821082175751894
-0,491525361920355 -0,534773399496984 -0,063597899044987
-0,0565040215509364 0,44133382721742 1,07964448694036
-0,321171978723183 1,37489135081554 1,57973783030779
1,06894129810252 0,999181368915565 1,48997086455959
1,75184007169916 1,26554017067594 -0,132285762945176
1,58045787351608 0,57714106697657 -0,161420806600456
0,443348252115615 -0,0979205358577656 0,140604942266299
-0,262316906695415 -0,21339443698951 0,696840500522238
-0,464914436107808 0,910833269520492 1,60710506227826
0,760863149165951 1,35731960395853 1,32277719257035
1,86014638054819 1,06829181860094 0,690089431375645
1,32614423054994 0,629978523345993 -0,145032035481204
0,714687629864279 0,0772413772485369 -0,521282909149134
-0,644902904113714 -0,61487842093838 0,679607140551062
-0,567314752575786 -0,0672738102029252 1,26265301367512
0,436288635783887 1,16829329117708 1,12102640873054
1,56953872007883 1,47414351304906 0,29805489432614
1,3794895503593 0,443378462883214 -0,358339530477939
0,549885047144994 -0,31473167757027 -0,038611865003038
0,246335766497676 -0,308822487938692 -0,159021402083446
-0,0317125454106872 0,228442912330493 1,07030865145674
-0,294710532665216 1,26153182215407 1,75800386415045
0,707994992357666 1,25281015498504 1,47660828469429
1,46512453122578 0,70681688101614 0,501019639177132
0,940590575964328 0,0893711056784269 -0,403483141480402
-0,363842590434995 -0,615443180680645 -0,141873394368792
-0,957262706536154 0,103044160526098 0,667570583842211
-0,112083838537078 1,11635503458592 1,87852119679089
0,769795344112993 1,4760019360703 0,775457261903513
1,3711162116483 0,92680308959074 0,11204353432801
1,49720411392972 0,63568519677835 -0,664263480952903
-0,0326695713732324 -0,663517704843158 -0,145643240752373
-0,638167229613206 -0,574926127394071 0,394831266327557
-0,0923553830497719 0,451930542110773 0,99977041361661
0,246757991616376 1,18870146627761 1,21537556578032
0,964326414726871 1,88694790814238 0,753883823871194
1,62357934196489 0,313604104246395 0,204166311631214
0,561030688258934 0,107053281554668 0,00332509397918102
0,0896397473225262 -0,504436964429639 0,576686569127227
-0,356502079596497 0,400092814604448 0,87238563215454
0,473830669708124 1,42373452678014 1,03586970550779
1,36313350186346 1,67778305740955 0,751356780772949
1,67245243893617 0,65348524387272 -0,302524064993536
1,29164085260784 0,218911763663091 -0,861226170389221
-0,450102543387416 -0,685616440589029 -0,180335562904685
-0,788097935760107 -0,190291011473463 0,930499477388481
0,0838979178916414 0,808314838466293 1,50418312346082
0,851533793884024 1,66266596521631 1,59924579723108
1,30337931217108 0,922220237557516 0,59842494026716
0,929832451053454 -0,0525162936522799 -0,150313499307525
0,52774401647431 -0,272897908910714 -0,115942657606936
-0,804744461779948 -0,707109768366313 0,867145957235173
-0,639736244846299 0,722574431657451 1,5584153007144
1,1389160057826 1,33937086763705 1,5264426944737
1,30873727930128 1,62491851956109 0,36379102052208
1,66316356422755 0,280231911585126 -0,290125645242636
0,57728545464291 -0,2050576843037 -0,753318300459303
-0,526231218716184 -0,879572344991266 0,200001679465562
-0,211738310490699 0,230520579151507 0,85749024784987
-0,0176445050131592 1,15617587597843 1,332137447133
1,24198811732305 1,31919461516367 0,232629052488888
1,39829247103665 0,290524351097418 -0,596293445106238
0,760536330657791 0,266538800712488 -0,680943434196282
-0,0513933013334555 -0,850798452887375 0,416181270107395
-0,137962755563902 0,274028625347348 1,52695012860479
0,430493143002416 0,600802672358293 1,85198706575455
1,15414376795174 1,45445536804286 1,46385325673457
1,34793282044648 1,17441192717273 0,145808193221746
1,18072637153134 0,0472420377608189 -0,30307103061215
-0,15103797875751 -0,50275161798195 0,0860277030975476
-0,389867289694443 -0,598433689217772 0,501709020971381
-0,370354900033865 0,832238353751907 1,00721900405814
1,04861253599498 1,89748755984938 1,46568665251467
1,29175177330814 1,03391971762076 0,168525623039701
0,99442011718445 0,783511268143428 -0,398843600509163
0,151088581294442 -0,43285283224512 -0,437216169095029
-0,584121742000874 0,0741533477504699 0,367826384151368
-0,592987616047519 0,56632020439325 1,78293913128685
0,47872556670519 0,975273920227849 1,57504404132133
1,26435281210544 1,64782745283571 0,627006092646031
1,28817805616675 0,295298088724733 -0,326921860817584
0,683760939729624 -0,757738291151034 -0,820660587661666
-0,179865060435811 -0,3359036795221 -0,0761005371288291
-0,0329422842589113 -0,136010201716836 0,792580351953975
-0,116583711527596 0,951657234088668 1,11549150029474
1,30458213810774 1,04846855313466 1,05260791590971
1,05753637864626 0,691345047117299 -0,580421678198643
0,679116081817988 0,372567215038783 -0,384611295425335
-0,205785151338981 -0,60458600333984 0,0229514697988107
-0,744060482886365 0,338624896670778 0,867506044565274
-0,143975202029764 0,794801334930761 1,15395066884639
0,678920407340163 1,9078642789741 0,705260569320829
1,8989600910299 1,27729811787963 0,600908882632386
1,01761472388543 0,390612965068176 -0,0797245649520801
-0,120806457163168 -0,533954869971022 0,0885125833736373
-0,760872502000841 -0,598054870613592 0,465981787550651
0,063927218044427 1,02546224584352 0,968395373160829
1,20638771810161 1,24840643952682 1,23071055256746
1,46942481732125 0,883290121197812 0,177473067771281
1,65685305860164 0,144288285153935 -0,232709456664096
0,541849871335364 -0,515361746402347 -0,0958452255736142
-0,126238267782442 -0,310283731609884 0,693468917883203
0,0558151120755135 0,828776335663042 1,1397099426781
-0,0369294961821124 1,50153903464138 1,33114293156552
1,55130998453863 1,59989415107132 0,809923956444177
1,05410336722187 0,309114413376211 -0,18381993530703
1,02678512772741 -0,535254669654975 -0,693951622645526
-0,457626820319366 -0,495408190850071 -0,339325080464691
-0,616571383111623 -0,00285065142332275 0,609338745524074
0,380588212546755 1,27243944013905 1,82568391552478
1,45707740632515 1,04321679017674 0,935748881335508
1,29986058803287 1,27850390115988 -0,108296140065685
0,590654280016758 -0,00883904091693455 -0,122435946690659
-0,450354904529935 -0,715452422405876 -0,383769751487579
-0,0811987563056653 0,143918169015594 0,469220426164783
0,0423364008355454 0,600374948525623 1,62694336361655
1,18538818006061 1,39375252526042 1,68617562494406
1,70183642984533 0,742067847996693 -0,17786049339552
1,06463337950502 0,1420732434503 -0,0584675929230322
0,554963756138801 -0,548180922041575 -0,572252690117834
-0,182670100994564 -0,589592710402514 0,308685641124813
-0,285763479892896 0,258341843093554 1,53613337852616
1,01405901619853 1,32926053056729 1,73372918635821
1,10593720716505 0,875788023651883 0,685717676554436
1,52279902089092 0,844904254518631 0,0846619191750062
0,133371872358424 -0,471963897589595 -0,190931656211417
0,0865777046599142 -0,21051308029292 -0,103756993462427
-0,574488703153623 0,694668638972668 0,970020290811204
0,642613568771708 0,8465743524124 0,980980214667996
1,13354673185795 1,91505848101579 0,779726090030022
1,46861057472354 0,678985956198399 -0,525945992225233
0,990107092293365 -0,332972676885244 -0,920310133092409
0,372945728182825 -0,589885697501818 0,0923774104472594
-0,53653054848354 0,235078469162236 1,2890350446974
0,320342116341013 1,09737159963462 1,41113314071904
0,851027353549655 1,0722060480649 0,844405117220018
1,14887425842823 0,878503030888554 -0,336142550823222
0,726451798062566 0,518206359615768 -0,311677922496054
-0,238026482142398 -0,582191478588339 -0,38660144264533
-0,00627628839457672 -0,0307171419347502 0,27518839467531
-0,0480615762227753 0,743933188334733 1,44955875354724
0,647108105037603 1,67268333643725 1,4521923925892
1,48324626595324 1,78808225373327 0,418496190542615
1,60534045053108 0,00104540331433849 0,0419411441381183
0,0938691960721885 -0,45287240263065 -0,848920467362419
-0,585579866269837 -0,298159737401899 0,237438606374964
-0,0266185287809982 0,431727782258965 0,869437151758935
0,696662788769867 1,07974132084116 1,57975032977186
1,22600305020929 1,28535365630559 0,652689641186703
1,34465598960993 0,720043619039834 0,156979573080754
0,960132816329074 -0,71301721204494 -0,231357347739718
-0,208087633878052 -0,160657764433415 -0,142985799329361
-0,681679279807031 0,039102931146546 1,49223669744348
0,421054284371449 1,43532952184253 1,07185263578669
1,36582190430676 1,33126264935221 0,661132612202115
1,09487245531783 1,41625758661828 -0,0504118884536549
1,10840816437772 0,326062733427366 -0,171534233806331
-0,479791996790284 -0,86716025223347 -0,39999355994614
-0,00953926612125267 0,317726999254934 0,619179592328617
0,276795532269006 0,376092779663357 1,35684245549237
0,573980795059266 1,10810305170402 1,16071088605042
1,61082944289596 0,737879885558984 -0,155308097805096
0,876289498323779 0,432586116785866 -0,324332891508095
0,596347368933832 -0,936018839773666 -0,583203699768979
-0,531141734323 -0,693613844372982 0,762751501175212
0,196684263680551 1,09719412522189 1,82254454889246
0,545625777004331 1,20519647229497 1,26338336935935
0,900944970816602 1,63053512490424 0,7459836825836
0,915296282389321 0,79192761009049 0,0596269745312935
0,604872620143924 -0,293064433414036 -0,0131266688281378
0,12245120706432 -0,493216717215826 0,179681648357725
-0,425526001524896 0,363744986186718 1,4202859775536
0,420392149097571 0,848051968825898 1,25787641153363
0,847054671825293 1,88307660473445 0,608666862635057
1,79775219201728 1,13705618824653 0,192356217500813
0,947109902709113 -0,018375618167503 -0,954491953324023
-0,107976844825878 -0,987169075265338 0,446364871790466
-0,679622606204845 -0,0429982469779068 1,1958769510862
0,524044657260795 0,698016467960483 1,35933473958426
1,27567299527931 1,57729997329111 0,873812916121581
1,20421673788709 1,19927751883294 -0,234070386982549
1,28078536465264 0,514175224687061 -0,407741633910147
0,457671681030507 -0,0705552441504118 -0,140355979391105
-0,0111911208528526 -0,306705034248425 1,12439456596012
-0,0380518927886706 0,573823514743167 1,35091880660021
0,357071107035543 1,13199171783901 1,72995140516927
1,83471050366453 1,20465884819176 0,0370375292405485
1,61550395531634 -0,0604162340476429 -0,377962307115981
-0,0907151450968128 -0,269993135698119 -0,835433260364565
-0,219078856489174 -0,334785448912336 0,321530588473644
-0,527062061391705 0,800521224065665 1,36462952715698
0,951537166120938 1,7367154655604 1,21004612099974
0,96336060284931 1,04321386246288 1,09766840497697
1,16297033248735 0,964225663096105 -0,0416145220613848
0,673483271705965 -0,190579872017319 -0,337210483101231
-0,713978569637296 -0,298317155500493 -0,232710847734487
-0,681507621769966 0,551084464211839 0,637843217277932
0,0964308749451827 1,51278095877124 1,14674218966614
0,787330267597715 1,36281384713754 1,02437246604497
1,62341375567784 1,13617922291383 -0,244221971975901
0,995310252655269 -0,351639794841399 -0,611731844216845
-0,328037098229106 -0,360091108439917 -0,0254045557854282
-0,663215233230983 0,0922326436190523 0,801487007254119
-0,450051216668709 1,35808946225759 1,04906850240081
0,416708178249141 1,63203081820186 1,31374872880638
1,43662480680511 1,0153362273211 0,249098105590762
1,56165000840108 0,74219789216157 0,00292499856111761
0,690263030093678 -0,562970255960464 -0,112855291968431
-0,602113040641236 0,149521684818857 1,06785783935987
-0,383935348300054 0,944324472588671 1,44388564549876
0,821141697078577 1,40993087424737 1,28314673962596
1,54979814793748 1,543772179909 0,652309900734547
1,15931537617344 0,337964812732114 0,0763579410889245
0,116976436097459 -0,143916631739988 -0,908260734188867
-0,160051709671038 -0,74916734017058 0,726707473305715
0,0239940956892389 0,213435168047505 0,975193233522267
0,348542773828495 1,44514855374548 0,996425401992771
0,816555333077291 1,71071152945309 1,00079420399516
1,28191212588772 0,911860095804491 0,137502856493669
1,0315461746061 0,200248337786734 -0,2768087282696
-0,0491442467613152 -0,0464758199417539 0,392700310177753
-0,125147090494158 -0,0264007745999143 0,979878037500485
0,200143410581487 0,898629479801922 1,95834729428268
0,532804583720652 1,14739808662149 0,585873779380747
1,5995157590221 1,35317593709539 -0,0828468986572528
1,50099565271625 -0,118646682794096 -0,769369462393242
0,371012959768947 -0,581673682933832 -0,127541677750334
-0,269596214527387 0,203893683349763 0,385985545009959
-0,154576194674877 0,891395990168054 1,7211381110839
0,994050004464257 1,28980478833939 0,849392589610158
1,80530243766794 1,34524970707299 0,350808145867897
0,955379862350494 0,37921235378129 -0,1652580867187
0,0592979158018703 -0,102721894097346 -0,089746508263904
-0,466086263409351 -0,543129257585487 -0,0139372553229802
-0,573490707411233 0,48699524653928 1,39009388065756
-0,0144531810212027 1,30938298758876 1,8666698661904
1,2147155984871 1,29005074700415 0,488336209361622
1,47351682720011 1,11836264560018 -0,31308427057727
0,331977122544324 0,125445676468236 -0,891467782311234
-0,0398950703616745 -0,611669174838997 0,48443576964497
-0,272871049872414 0,608325940530169 0,684577302159241
0,581103267574466 0,803254756749423 1,56237907734177
1,19627791256207 1,40436659446487 0,719719770636281
1,56834843502135 1,18745392423657 -0,0508925229750786
0,884270796900743 -0,19786851110003 -0,902691519329942
0,00980451850511666 -0,560252601097751 -0,181935163886204
-0,43464581597656 -0,0389566143503624 0,555480974200801
0,265818517192234 0,752802377598663 1,95052162154369
1,15549625012621 1,28255319067629 1,2808229217139
1,03041291954713 0,677338600047257 0,361282436419084
1,32783357166275 0,206708745269575 -0,509411166111413
0,709414754001291 -0,211573660390001 -0,359413791291702
0,00631782700440786 -0,362552568161745 0,477377921806697
0,225158284846674 0,582906338433564 0,970583255383871
0,790992358378004 1,71193402572573 1,46041585622224
1,7571356784301 0,947065063754016 0,637325192158348
1,18103623680668 0,643266639497342 -0,405749672107872
0,711661327487252 -0,696697204058974 -0,0732302838344483
-0,207330072221625 -0,0392072904104617 0,406109752502135
-0,834408321806255 -0,0238067929811095 1,61618526502728
0,803556200670595 1,26134869196908 1,36022654201875
1,41037238090244 1,87371341095974 0,569498750695349
0,99263984905242 0,763609614627809 -0,0638881852615727
0,981961063615583 -0,0741066430508348 -0,950905931557037
-0,625858831085075 -0,413009999444265 -0,358187385869237
-0,904190251025477 -0,26149827427108 1,07900328410415
-0,0718592050428151 1,43649550392733 1,19362595538117
1,52532376078809 1,70751451119935 0,923244723256736
1,20129774325393 1,50534500688232 -0,0744923028553507
1,15126253409504 -0,0611534259609834 -0,118260493805129
0,435004886344898 -0,105167975014927 -0,382985075416915
-0,509558813200434 -0,622637216060201 1,21964657843476
0,00919253495815442 1,27870890944584 1,85293895663867
0,612047791909521 1,77921417125035 1,38187583699693
1,00103008946023 1,39749556106182 -0,0829310731288934
1,1480088947729 0,537215802895257 -0,346920170022705
0,636585727922677 -0,366372786604144 -0,126339106232232
-0,895774652172808 -0,11117920685629 0,226199385355189
-0,169915682999524 0,964734122146132 1,64430115468137
0,0196317299415128 1,29954161156015 1,86023036276881
1,78547561550836 1,33323927364878 0,265804367576715
1,62461126750499 0,987997504258607 -0,0648139465541464
0,90679743074764 -0,212175296402879 -0,415621990226574
-0,635090153178969 -0,538631992826142 -0,119979081597153
-0,310525261171016 -0,263678894832565 0,736630964651296
0,289165123168938 1,60364330330218 1,05614103800507
0,97805762916829 1,79941093634856 0,695042541080701
1,76462824121403 1,241590143266 0,263998565435342
0,568070773737599 0,289558743309889 -0,84605009838956
-0,496254722770489 -0,191704460431834 -0,4668919459282
-0,862614341870386 0,110040197294774 0,961419215031549
0,406517513380246 0,808824093547023 1,38692145687806
0,920590450108247 1,31736538123173 1,4440373310089
1,35683626293945 1,27575073823095 -0,154232160985649
0,669359201411022 0,36805262081786 -0,838739530318528
0,267759722056615 -0,596248127542318 -0,0363669489051841
-0,814873898060235 -0,64794744304992 0,167999396567253
-0,0149414036796004 0,848482678496524 1,56094644243041
0,817915856210496 1,08166314151315 1,43106296291869
1,22964363507544 1,3959543263033 0,00439514645529314
1,37471073030958 0,709008539024703 -0,109871399074672
0,46474348921499 0,138123625587791 -0,13183984814537
-0,228071467957431 -0,200210432575715 0,494784375220997
-0,222259731095938 -0,0641379633387244 1,38245892138142
0,140704281031577 1,7174023655398 1,14091107767013
0,911847547268353 1,71251991935553 0,444360670179914
1,6417540268132 0,871134199412754 -0,195214494511824
0,710207106215662 0,237597809925715 -0,282736837911506
-0,612111465648573 -0,586652758720378 0,544033882117956
-0,0948014431233751 -0,128921979510545 0,771386033473234
0,397883015526514 0,735171896472171 1,76732913030278
1,33196552504782 1,82804360800422 1,4366200911675
1,39725882168357 1,07449360415728 0,243400369820191
0,877993135997953 0,509302564604168 -0,331962969155619
-0,340733031033594 -0,528539441153313 -0,60864602183051
-0,593585457310473 -0,180482226830492 1,04016710519202
-0,180068159416641 0,815155101177446 1,37634314443494
0,717353589490312 1,59508953053955 1,70411821560855
1,50865371424856 0,843801712811912 0,657961148365832
0,77616859290299 0,263405374130406 -0,333539072765019
0,66701436701416 -0,191585481907244 -0,401459435917088
-0,509378353090863 0,0496862705256298 0,90222131053101
0,0207021238538019 0,510269926325661 0,977607558335711
0,294726402794467 1,60283752638492 1,11246181771744
1,35281058962566 1,23819639333444 0,786260026002113
1,71040318122622 0,475368528442783 -0,330263586300908
0,79395281613026 -0,114926845718035 -0,0153747242676905
-0,564017822195213 -0,523937476084538 0,494014896919414
-0,146357154049145 0,118621403643607 1,22269076967765
0,546056130460877 0,905920214544291 1,71602155137624
0,761219141065057 1,35286988496451 0,519244297528985
1,07524869663422 0,919134836485904 -0,346259509036988
0,625411546494304 0,121497766508869 -0,417934256875026
-0,408452187517487 -0,453996126360359 0,449002475938997
-0,382685255046422 -0,335039933115957 1,20304561670033
-0,319667404414229 1,35527104177245 1,28772379917198
0,732517541475361 1,72908119498921 1,38356504852826
1,37149350668585 0,997347640931865 0,463853120076102
1,28133830221209 0,316553089437033 -0,670970202532273
0,369082224249113 -0,366343395751285 -0,23865062616737
-0,63409107420427 -0,695069499656468 0,424276564018667
-0,341871513697602 0,353434113966706 1,30569987228383
0,254740155437112 1,33329412385487 1,63996382204089
1,37021685437753 1,40589389992427 0,644906998753963
1,68300485479992 0,493441240467795 -0,747942496596192
0,941246345453537 -0,268344344387306 -0,654563719284218
0,13395377006255 -0,292355925950554 0,3471611214534
-0,640328259543835 0,397349348567755 1,27337379505655
0,867805334303138 1,48626040988068 0,956632019786492
1,12858221192418 1,39502017017598 1,15560896738678
1,86845243142756 0,809356542583098 -0,596269460517139
0,335095164424161 0,141528263909491 -0,483448785647229
0,0368242721868478 -0,765335900292158 -0,387285410564669
-0,603959506816879 -0,273218923333346 1,07196490648482
0,0939488504941768 1,41228867566508 1,1566205212604
0,641512443532959 1,5219218780814 1,3545301996979
1,6606307531949 1,19071575599238 -0,409952403802704
0,565752441428894 0,24027861655952 0,000349408440571852
-0,405563265374029 -0,919425936419132 -0,0978448488838293
-0,236478814540537 -0,215102848660346 0,786973464508673
-0,24978695538407 1,04595770393557 1,93763981732513
1,22461117099967 1,50113028659621 0,756656957986468
1,55935104472615 1,50802929102105 0,52557309179874
1,33907089708549 0,0780821885071256 -0,556074735073251
0,0667618047482266 -0,315153014098674 -0,330745408352601
0,0325968940523141 -0,0458855157734049 0,701401483587325
-0,479440784657834 0,942633701454826 1,0500281211354
0,200451091949721 1,55364104806541 1,66116478064964
1,72772980050936 1,75956035646471 0,977073755610179
0,980271811782251 0,148654259384791 -0,035628602853246
1,07561836399201 0,176720283545515 -0,143201315487438
-0,252750610581391 -0,947140815288435 0,136641935377306
-0,411715742968897 0,325156242140732 0,996686293835009
-0,111598942612486 1,16768930357294 1,73110048447284
0,822201136975511 1,03876775352189 0,802123824236726
1,65038430382012 1,18848089343214 -0,497314527297697
0,882758600777122 -0,490906317382234 -0,700633030671987
0,292622124080212 -0,584130639908962 0,00124951911334725
-0,71544496278818 -0,291251978105272 0,491210345506581
-0,304248471018728 0,495775060126734 1,66199298855837
0,6044410079797 1,49950229137077 1,35509474368432
1,95266573937164 1,25917224514154 -0,0236864523656797
1,18528662686377 0,394464058002328 -0,363343431865239
-0,212476883699754 -0,551018596033789 -0,521552921231237
-0,617987438008863 -0,518353005362448 0,60763257373863
-0,284696771145732 0,210938130830959 1,56519114082969
0,529464265339866 1,12766334297541 0,873369595661571
1,72187059842186 1,39980334363414 0,915898841882127
1,26201165035937 0,0593345050268999 -0,323431417228226
0,253195607802506 -0,621587988475914 -0,103907600064202
-0,521877053168382 -0,555486034831208 0,429532381383068
-0,243747628378048 0,884111248776884 1,76473192886049
-0,0817515566966708 0,966080314262191 1,36437580292824
0,909596563538663 1,04987797150424 0,329388201912437
1,41432605011631 0,6306068509595 -0,0267478600199278
0,32962602770483 -0,176250576582407 -0,775615079189873
-0,60497000235599 -0,140585636285808 -0,182383586529458
-0,581159981669869 0,486093786048178 1,42353356477079
0,239150172884543 0,937992257177304 1,92038614119467
1,35261179257812 1,51134128247031 1,03125425853884
1,7556549971442 0,763507537485464 0,0131927653668378
1,31980676084342 0,306540888357224 -0,910643443718298
0,21893688202972 -0,289350692146532 -0,388478012924468
-0,552615190942504 -0,188958973234197 1,17508229584212
-0,396603082945082 0,550092181074557 1,06900399250907
1,2939241288668 1,29876316934345 0,910087426533713
1,26985208911858 1,07327655651362 0,396613853451355
1,05582057725512 0,0191943820005442 -0,528489464310717
0,403563433729114 0,0117958163808758 -0,334527996813283
-0,246347103950289 -0,775845977196488 0,67704495380629
-0,753427825110788 0,296562612931915 1,53752917332413
0,939510542211304 1,23673170792671 1,72551249229439
1,48863118513843 1,53366134754851 0,715814754450019
1,46384145103407 0,502437937522854 0,0166789966650205
1,06711936394212 -0,148775930312591 -0,52817317238678
-0,446540156314169 -0,761103408059955 0,409403907004689
-0,19598092915523 0,418628346048811 0,727336307950369
0,504488801963146 1,17086692357605 1,14047610404707
1,63857038218125 1,40224579797946 0,415234909868906
1,0517388937469 0,587165081498287 0,236730224051222
0,971124159441384 0,407269138054882 -0,32772219328738
0,0157700115425584 -0,613404844169052 -0,307353900288595
-0,821840916604485 -0,157945939278869 1,32010677450681
-0,234224795338535 0,812039245087337 1,67482883201436
1,02938381795616 1,71573764830394 1,54714752029596
1,77947149614543 0,9650101146182 0,232642591587016
1,59631369725265 -0,0852241306828373 -0,214129125365796
0,50125257462732 -0,0373945246016865 -0,32573398923467
-0,381973865186532 -0,389176293063305 0,970884238759411
-0,206549060232973 1,1461287094336 1,8790602202088
0,98970484866555 1,48146660165306 1,23007953361654
1,73627428541095 1,776300559159 0,357035875949835
0,942894359069783 0,313216428881421 -0,616584194937938
0,16872545153057 -0,705912348504082 -0,033388416895896
-0,0882522117887313 -0,391987081931505 0,222892663111337
-0,528897887939612 0,0914085461568482 1,55134069487556
0,142608610545511 0,955310305639264 1,00550323667285
1,2769476005099 1,02369274980585 1,19025033138628
1,00354007573987 0,98773270401922 -0,644605388739306
0,500885855401518 -0,691525174666784 -0,919158830670886
-0,287510837602079 -0,310222135936651 0,0342495377501303
-0,0718476259769952 0,114394542458518 1,39109759915283
-0,100213819585973 1,35363448826377 1,74712106069322
1,11411616610166 1,64426110862393 1,46405575449877
1,31206884024667 1,23985031448407 -0,389866228020655
1,39540402753174 -0,421049659425849 -0,549679306019531
-0,388884047316766 -0,757347840596269 -0,447190739176919
-0,983982596432433 -0,315763570735249 1,13117608565519
0,277762170324795 0,653114930016504 1,44053459950445
0,799536719742012 1,71549495732831 0,910185969430732
1,33777491315793 1,56362661795922 0,153401951064442
0,906094688916315 0,604896636648886 -0,437269881486301
0,248394949630452 -0,0579842547306059 -0,780577765630737
-0,430218375403284 -0,702880209594354 0,483056112066941
-0,79494620100537 0,77377449861771 1,39060056304061
0,15599955683721 1,0444301262885 1,20512856588103
1,76276558889145 1,02942217876738 0,784474732962654
1,48789322620722 0,265462272235869 -0,0300931692712149
0,975180112056979 -0,399444076370346 -0,55440264031168
-0,196555445945306 -0,909553871412067 -0,0478827022358578
-0,604244650587067 0,591087145994144 0,728485072418789
0,337036283831746 0,866686794427059 1,76802922585556
1,32526849695865 1,0933688865212 1,28741005728233
1,56309516611787 0,799465457348431 -0,426017379035036
0,773542392892146 -0,0216176462532762 -0,85555481597482
0,140445172938008 -0,990123580399967 0,107755398502281
-0,725678283322462 0,319056081342824 0,62296821993072
-0,339122003493601 1,05105454705328 1,58481864786197
0,971127395924668 1,74862755625176 1,25506986066627
1,59097914646157 0,88782009180226 0,059026744425108
0,712045717209315 0,499636426981634 -0,126846532262997
0,502686596890564 -0,804389873760675 -0,405934389741005
-0,585987411113191 -0,243949518989624 0,764511759667475
0,0191806444411384 0,688155115355389 0,989564662481688
0,606250194102222 1,23817384548796 1,49474425383121
1,47730870768698 0,979138365727325 0,534707124429708
1,42525320498971 0,0823621450595348 -0,48712553938817
0,719162889461199 -0,548682206040636 -0,640918259165341
-0,858585326806985 -0,677430953503916 0,172295384994344
-0,44052116715433 -0,00182832603943781 1,21359362702437
0,0694179641075158 0,829823739346151 1,75712552157146
1,33327802106344 1,40262617576107 0,800330996280949
1,2577202597441 0,771357761915733 -0,308564378531485
1,04726396349623 -0,364904021987685 -0,425979396766732
-0,676711904639283 -0,424664263119989 -0,0123632084427236
-0,885044884588815 0,41136362797402 0,878176415204033
0,549792160091266 1,55911440187639 1,56391682597548
0,654979704640211 1,9601535769229 0,598624399663155
1,01578131228046 0,786049280668547 0,0303857127352755
1,08693805246556 0,343339003410555 -0,0201083812774928
-0,4288168098905 -0,038615704979595 -0,18932969921197
-0,860491854055574 0,00255417407183867 0,808527568623936
-0,361545352875572 1,22316836565348 1,80954256378237
0,463960860964159 1,19358334199836 1,31008778552084
1,18822807421038 1,48029642320272 0,58382488536049
1,54206791570527 0,532433512413751 -0,159363755584055
0,678324271320191 -0,00888625488157802 -0,34415275969713
0,0225201221095666 -0,24567150546479 0,19846185971934
0,0493065116600125 0,173842847102477 0,945644440214702
0,781337066125976 1,39347098657443 1,0198750741484
0,962750354875015 1,57408038633442 0,787850352906357
1,29705410777296 0,835912367787908 -0,421355427441917
0,203250150826216 0,0887128389824651 0,029615398711478
0,0689569227689619 -0,066665695809937 0,696314510892371
-0,490297080510302 0,593950547698941 1,45777322729342
0,759997997931283 1,55899379784522 1,15201982839024
1,04009434426535 1,14587607124525 0,887715686924872
1,71091422075345 1,04271369981544 0,28466926830227
0,86192258341166 -0,51889292198993 -0,580650044254616
-0,327722642498623 -0,697504210455398 0,0450687484417636
-0,610084328463626 0,0734750024708543 0,851200051245313
0,218507758103289 0,522713178255402 1,50698603263533
1,37800704955723 1,77865704340881 0,581899689061744
1,42048402724893 1,27633339852598 0,488716702017348
1,40403033786384 -0,345636622862708 -0,911717888454933
0,185037806994778 -0,456680126763423 0,0677386330526146
-0,608639032925934 0,196669199945076 0,484239908937846
0,190634448053901 0,610633581541212 1,27970200148504
0,829893100773304 1,28394322027743 1,77727550394411
1,77954090526413 1,68104034178644 0,588428405798184
1,76019659996678 0,764595909345185 -0,287842163143765
0,357524283807447 -0,39501796134904 -0,534397152694682
-0,352746172631666 -0,103061293027481 0,719261239178722
-0,635999550601091 0,0300148181092351 0,874850791001331
0,133896308574434 1,71412435358134 1,40425571850623
1,51440024690459 1,84159692867658 0,871649669346174
1,75731412342549 1,1601841230849 -0,155274949891151
0,842350327724691 0,187854235762666 -0,558640762313505
-0,469803295167999 -0,465186128430558 -0,162122909231127
-0,952342181265451 -0,236349672830785 1,30850258428488
0,194278493903748 0,668198770600007 1,87853904109515
0,938721188226594 1,44120976675493 1,28587314431605
1,25282769475865 0,82064170919165 0,0243889463259224
1,19208765296605 -0,487208412533966 -0,235365994834339
0,487513895095323 -0,854386643423241 0,238826725327949
-0,809775786370228 0,128910482971576 0,856246156275658
0,283458253085515 1,2752297821845 1,40727009890039
0,685085743709312 0,987150589138185 1,60382040652776
1,09737474629564 1,00081046006832 0,701469350256955
0,873517625786723 -0,0479447443501182 0,041380670144558
-0,0746446743263486 -0,429191488303175 -0,103151810557834
-0,870340486724396 -0,0667182348659766 0,135105184342138
-0,605074848018803 0,96846425718075 1,34497458465476
0,749620584654288 1,33363254997429 1,40613906036331
1,05016141441971 0,950410311337826 0,99156397261
1,66810845732981 0,6990078696205 -0,0516343313882411
0,635046148565308 -0,753902719371919 -0,120314645603683
-0,139010247969551 -0,762018468552515 0,0136621210218713
-0,661646568956858 0,0344343262315904 0,774844685004753
0,787110115059146 0,935142945473881 1,09711927667897
1,62037083349793 1,03603003896428 0,484444578191886
1,50948294437772 0,882590451942514 -0,12984237628725
0,400729730699965 0,286028929763259 -0,561746059675915
0,153148525109822 -0,978778589470075 0,395799798206485
-0,968261316366948 -0,230808759153114 0,969999039069824
0,433518604174184 0,663326136149227 1,91268244059513
1,4784247076542 1,3052084517606 1,21994792431847
1,17609693541107 1,15661681109207 -0,258436717484468
0,752615502764532 0,0999708811369339 -0,627447705877583
0,0987438939122903 -0,168968603894461 -0,17443512295366
0,00227309264358933 -0,465467524934042 0,914406523532249
-0,354545360133035 1,01033496298173 1,32298981609725
0,628724948793813 1,56606577512923 1,29477289826303
1,40722278814 1,49433176549756 0,632838135218028
1,11193582402104 0,701756818816274 -0,84510092006635
0,848403010250578 -0,24072572176711 0,0927092413372638
-0,164261771864911 -0,471246222394377 0,0346900640262917
-0,727039765580319 0,972267281348869 1,72308517622502
0,448401796938035 1,53742458059861 1,39709502277313
