0,682136272
0,808871149
0,279910883
0,203932291
0,17389398
0,27815441
0,64191529
0,684706589
0,496980502
0,51474466
0,307519743
0,214935299
0,504697724
0,27452485
0,418213638
0,281944941
0,002332032
0,798937431
0,450921968
0,782423544
0,533288218
0,693634014
0,058834253
0,039681559
0,016546014
0,020241825
0,076224943
0,924645712
0,429709573
0,37326585
0,679434015
0,002714608
0,125766169
0,984009869
0,166888791
0,75023044
0,341569531
0,662012066
0,147354556
0,25002318
0,059036985
0,585814317
0,753513916
0,026258996
0,920860279
0,307582086
0,734017942
0,035617976
0,484588235
0,835419237
0,965197911
0,341458999
0,958967519
0,628494575
0,95734573
0,988502259
0,750036895
0,240229325
0,187386277
0,153652154
0,201929467
0,717269578
0,254997017
0,123714652
0,835310645
0,304805135
0,089169129
0,520687856
0,10763606
0,667983198
0,94037541
0,340319966
0,651582875
0,200898788
0,72338656
0,947473901
0,940120097
0,032575258
0,118821279
0,708963929
0,286223883
0,040606967
0,440057476
0,594290335
0,408067939
0,337975016
0,043747089
0,497271594
0,026664139
0,178386532
0,000193545
0,101340206
0,474625789
0,993702401
0,048093713
0,341767406
0,330817301
0,629799265
0,19094835
0,616055144
0,218412956
0,213330086
0,927981917
0,816605037
0,895043827
0,624877945
0,689876124
0,758068731
0,905108016
0,009871829
0,048382162
0,717461638
0,121408045
0,478422349
0,867428271
0,1613225
0,277212102
0,660706681
0,715646712
0,49733563
0,261058046
0,591897535
0,494023716
0,929249528
0,667789653
0,839035204
0,865694177
0,657880474
0,152805075
0,381619153
0,6166566
0,310320832
0,841626907
0,502766135
0,490550972
0,072893797
0,11262505
0,623452439
0,699246509
0,783189994
0,648098891
0,285678358
0,592163578
0,01679231
0,13000437
0,282731908
0,979932161
0,99620344
0,12627413
0,886771213
0,064555304
0,670110619
0,914152552
0,693612721
0,354997099
0,626515421
0,71930637
0,998732389
0,148815385
0,056008623
0,759183768
0,03199565
0,605263656
0,523488863
0,393215229
0,738061329
0,87583473
0,61864191
0,987871376
0,794534474
0,04869745
0,653759663
0,961460172
0,932456718
0,849236738
0,975379687
0,999733957
0,477231406
0,799245158
0,385057745
0,859103043
0,869490737
0,531606343
0,266033862
0,317063849
0,946545981
0,39616828
0,148014186
0,147769036
0,864035551
0,353587427
0,113892661
0,474637054
0,643237886
0,024006227
0,616103241
0,680414703
0,068674715
0,623577082
0,391943041
0,406897177
0,361290251
0,008332064
0,331739656
0,838073763
0,410795641
0,708650447
0,981695834
0,844375982
0,379617411
0,626781463
0,242074964
0,199487231
0,763757639
0,19690558
0,889693031
0,500389307
0,339229793
0,206425014
0,446669248
0,341893049
0,727820544
0,470872874
0,123835825
0,440947047
0,934804789
0,179122609
0,318222286
0,908450492
0,233133497
0,294964985
0,931059242
0,853654324
0,407302117
0,978160568
0,497812792
0,861158673
0,199866687
0,4279601
0,906268208
0,237895534
0,414472446
0,303638204
0,768151625
0,237254088
0,111512463
0,91440543
0,710879415
0,446332307
0,134313196
0,115713934
0,341184909
0,862249702
0,176907834
0,050049992
0,679076633
0,890417376
0,884496239
0,890792609
0,903268973
0,231673032
0,390428161
0,073245342
0,611242485
0,084652427
0,695722221
0,38842064
0,792185115
0,785597071
0,699092787
0,028534357
0,30052262
0,911269694
0,300156805
0,208773714
0,927420603
0,42418234
0,702721249
0,886581737
0,329434585
0,02039936
0,468243194
0,871889979
0,774137296
0,117419563
0,953780076
0,068809541
0,67674649
0,357252125
0,299083935
0,607395416
0,976662434
0,309074078
0,524691127
0,674595177
0,847467372
0,341227104
0,692395719
0,683499198
0,541531867
0,723091822
0,122220315
0,925282343
0,74723952
0,105778839
0,815191314
0,429915216
0,562092896
0,96813412
0,122629389
0,254894293
0,187696127
0,997914502
0,561358025
0,882869614
0,763429837
0,518538182
0,299108047
0,493822922
0,130872351
0,626912681
0,71167415
0,43493299
0,486513137
0,091697371
0,051871923
0,991448542
0,386578567
0,625561629
0,361306342
0,586193499
0,731786621
0,019222051
0,34504987
0,606342762
0,898179044
0,542960851
0,124650459
0,668358457
0,302228249
0,52386486
0,506716644
0,70861237
0,234622736
0,044189641
0,419699289
0,978747932
0,747716053
0,641821513
0,911165339
0,32892919
0,042119057
0,198572797
0,552626847
0,914619186
0,011417672
0,687287325
0,438769207
0,655542149
0,053906915
0,823742772
0,043336649
0,936531268
0,606827778
0,536435889
0,523107673
0,168474076
0,652864632
0,955015263
0,984690569
0,220468986
0,393887723
0,63074959
0,191594672
0,607007491
0,120196037
0,003061781
0,200310254
0,442323495
0,671998083
0,073123991
0,243732489
0,744757054
0,714396289
0,032377152
0,544074442
0,533213823
0,466595204
0,430430684
0,59492509
0,210891719
0,104191645
0,469108311
0,614451542
0,478485477
0,480528211
0,570185377
0,101784592
0,698186847
0,521081968
0,251225212
0,325883301
0,792700791
0,657130943
0,690696353
0,935041467
0,411369467
0,006978125
0,945619356
0,794423149
0,008355891
0,486977072
0,996445711
0,983544066
0,980782924
0,580010283
0,298579594
0,222134978
0,574450626
0,992361447
0,989893849
0,701878873
0,222433947
0,360090173
0,77379885
0,116277341
0,924779412
0,016298048
0,713109195
0,12647928
0,55001066
0,901277189
0,502123407
0,921241527
0,42077287
0,74724069
0,451031698
0,087626111
0,023699936
0,097335686
0,132704975
0,526235699
0,520975848
0,636007535
0,586569199
0,723914647
0,107745933
0,485564245
0,633668618
0,898475194
0,181948617
0,348050398
0,527333966
0,7058254
0,531188119
0,54934634
0,103449354
0,432610618
0,883332093
0,574419012
0,010262054
0,39507142
0,29386893
0,819140076
0,244412489
0,107078702
0,984853665
0,075204184
0,562771196
0,233542234
0,128978585
0,210953483
0,198435042
0,47711494
0,859656472
0,463658151
0,180903025
0,586426412
0,773520974
0,049884203
0,008531408
0,439215168
0,38262943
0,814634001
0,944530663
0,201960262
0,373943223
0,796298007
0,390053408
0,871426531
0,643791337
0,01842108
0,204294018
0,449280924
0,087073631
0,737633556
0,232366769
0,701835772
0,391595046
0,479490496
0,739060982
0,032541749
0,922793049
0,400126384
0,769496609
0,970995134
0,149615356
0,050219025
0,846168928
0,067529968
0,368443315
0,517022942
0,659089644
0,83344789
0,565887604
0,571046887
0,01244199
0,479234929
0,874609413
0,042452228
0,733135479
0,188555658
0,685150776
0,691344665
0,589750897
0,110557505
0,006659466
0,749154118
0,390041309
0,122022916
0,231291382
0,479067253
0,194831366
0,294030477
0,31082322
0,975989659
0,516422119
0,982503046
0,045137391
0,973535529
0,052344905
0,323724198
0,950129079
0,32252344
0,502983215
0,126768395
0,359331436
0,370846127
0,88339332
0,516026744
0,725191566
0,75313184
0,827226358
0,349142818
0,746355018
0,550505325
0,347390973
0,231448384
0,810375487
0,658939104
0,964335668
0,400461238
0,660177716
0,724146012
0,836238586
0,889376062
0,322191575
0,365059167
0,52262467
0,589897945
0,054624768
0,029938943
0,434097538
0,901073885
0,990107323
0,409411281
0,238426579
0,362627336
0,18836145
0,462982502
0,751226069
0,635813339
0,865760799
0,874014565
0,39683135
0,478159542
0,651840894
0,845688548
0,54767546
0,760317896
0,628598686
0,284973735
0,172127559
0,386198287
0,009199861
0,651883667
0,663546481
0,225983067
0,486284854
0,613607153
0,80457682
0,994272269
0,848221457
0,293495374
0,461401976
0,695252623
0,319034302
0,926152474
0,359035495
0,336943736
0,312078745
0,984763636
0,043086934
0,347392985
0,907713035
0,328522329
0,53470044
0,786163152
0,327314662
0,358079043
0,237535168
0,476503027
0,817383707
0,762306774
0,961299259
0,769651033
0,857811384
0,04789925
0,891874024
0,338223655
0,7458648
0,012443513
0,876342482
0,574754297
0,658405681
0,7569538
0,787591881
0,572265424
0,412612588
0,701578727
0,15912524
0,725688421
0,486653053
0,210731723
0,448239151
0,64383505
0,241886801
0,824734574
0,478485252
0,680677532
0,117183228
0,87738333
0,898668405
0,128205811
0,376071985
0,328073793
0,176888562
0,085914684
0,332196115
0,691750944
0,837441239
0,271135052
0,03427845
0,02081184
0,591078937
0,299635233
0,108421154
0,468332637
0,688987304
0,150759235
0,540930448
0,962435015
0,373550563
0,625735935
0,198953803
0,511846747
0,989849974
0,606651984
0,314067623
0,317464209
0,527764232
0,03307681
0,569413998
0,211196492
0,221040428
0,86848147
0,113775108
0,748136672
0,198682312
0,330331888
0,580065239
0,701677197
0,240069309
0,720861645
0,864137488
0,887990188
0,69140997
0,465841213
0,619652787
0,148603918
0,535413896
0,773554164
0,13574727
0,327726017
0,139747083
0,154748212
0,503832767
0,27293247
0,929252007
0,864225238
0,338223819
0,570236578
0,77184706
0,014731906
0,163986712
0,804364429
0,701721053
0,823081958
0,799771412
0,722597467
0,185860125
0,360284482
0,269650326
0,358655416
0,570693996
0,839253251
0,722365707
0,652688918
0,761598446
0,310963615
0,820436777
0,524008761
0,986999197
0,165463705
0,782050313
0,754210068
0,897329539
0,241687981
0,071449409
0,066292216
0,364648703
0,840842638
0,818884664
0,334457074
0,992108069
0,00982866
0,929830137
0,225337403
0,556874933
0,059773059
0,186269135
0,868328012
0,666069801
0,897055319
0,962743794
0,175129414
0,503903838
0,777091855
0,757032021
0,300493832
0,432382506
0,851143848
0,511334024
0,618288392
0,043788461
0,814215058
0,583237381
0,606383355
0,232681593
0,409776644
0,90703489
0,460033072
0,751632549
0,733479197
0,357948764
0,345017486
0,541399818
0,935193252
0,366547347
0,560865336
0,909423114
0,497028304
0,095813985
0,701825387
0,12469448
0,952108765
0,85793896
0,089943877
0,202719912
0,6069209
0,25030623
0,120237685
0,48465596
0,770955576
0,63390971
0,513504855
0,329508614
0,200596272
0,290668613
0,177893011
0,426591279
0,323446782
0,99265581
0,147098289
0,152738169
0,726236062
0,116695463
0,932590604
0,539106556
0,617726307
0,633729596
0,568710586
0,410544508
0,196166685
0,391070719
0,935354202
0,755329863
0,809508637
0,493593912
0,091679696
0,956276098
0,493293504
0,403663444
0,625760693
0,159470414
0,786797205
0,975377113
0,980676973
0,099569487
0,844443909
0,015508872
0,340803547
0,644524638
0,188654336
0,134274057
0,585976332
0,504372493
0,948715697
0,549087218
0,398458418
0,835413301
0,925348356
0,550837322
0,584993604
0,973191304
0,681595643
0,709693177
0,288489274
0,379884858
0,698555508
0,758174993
0,519999978
0,707002359
0,198988917
0,221616912
0,933297775
0,919783338
0,366895118
0,987627875
0,365940964
0,75085895
0,13601849
0,833021118
0,694662647
0,602217435
0,292926049
0,924185948
0,221890172
0,061892628
0,805094387
0,430981709
0,806614166
0,260421419
0,095135495
0,256266395
0,030927742
0,942456182
0,818669839
0,652569389
0,477874771
0,077104028
0,686887838
0,600792115
0,401013978
0,086268916
0,495508894
0,633801187
0,445535721
0,967037424
0,200976282
0,666192993
0,137477376
0,961087822
0,183146253
0,647599468
0,699394811
0,092327238
0,856174675
0,982776169
0,680265255
0,757409695
0,487803005
0,226596646
0,574790471
0,267573799
0,951560826
0,259578559
0,611866865
0,942722523
0,19068917
0,990841593
0,101113499
0,714325729
0,509753104
0,288836937
0,063971112
0,535226376
0,432007139
0,60839373
0,106708541
0,659124862
0,478650227
0,254852748
0,860916346
0,138901393
0,293504333
0,845526344
0,077275165
0,447536027
0,556871584
0,938600504
0,086281507
0,83589367
0,972304134
0,720465076
0,589301023
0,460291192
0,026001644
0,133440179
0,13470809
0,235930335
0,021934323
0,502813198
0,776348254
0,21013469
0,565079494
0,423151647
0,451334718
0,894309317
0,583628356
0,164168435
0,660320099
0,247780945
0,876067628
0,021140393
0,278759468
0,232950258
0,3656803
0,435889078
0,974069466
0,106034482
0,182303394
0,164330838
0,385850939
0,252088666
0,904560086
0,265219829
0,742021595
0,789288028
0,699535914
0,603679919
0,509224732
0,29856696
0,473685641
0,870778206
0,637190539
0,975837029
0,478504494
0,650781656
0,573821899
0,870352686
0,394191626
0,182965849
0,863907671
0,392703149
0,278280405
0,838500562
0,959826042
0,95116374
0,441705607
0,356350765
0,094610892
0,590112566
0,159370713
0,028673607
0,053626941
0,857603485
0,11696226
0,524259588
0,305574604
0,299859665
0,681130052
0,66204669
0,194773403
0,979948437
0,654943704
0,361753139
0,774095304
0,005289422
0,383949854
0,30292244
0,754445764
0,714898644
0,862067178
0,10371678
0,711842857
0,999337545
0,300423167
0,99314779
0,97380826
0,066059524
0,305393787
0,790857855
0,347582421
0,343185149
0,509069028
0,919112165
0,139196246
0,445012033
0,817151265
0,779587055
0,858874769
0,954244905
0,345207052
0,273962234
0,189222634
0,732144935
0,988192446
0,883959234
0,737759445
0,916527267
0,064405258
0,95453662
0,567213886
0,138783167
0,601905001
0,379712247
0,728045388
0,055653934
0,316830751
0,054289396
0,557180317
0,12381447
0,550451328
0,23951508
0,994465878
0,890272197
0,314464269
0,851588253
0,470879409
0,735831538
0,222556892
0,329083271
0,188138157
0,6043628
0,444047671
0,800200859
0,369691592
0,588104944
0,914494145
0,979697921
0,011145099
0,416463934
0,255388345
0,057280994
0,001654266
0,350857167
0,223643968
0,208799254
0,741280149
0,12935678
0,191066777
0,083542313
0,128181282
0,762861869
0,222406737
0,735060299
0,403793577
0,105691972
0,279496357
0,298950437
0,417680666
0,136604193
0,413079824
0,001927907
0,693970374
0,735321987
0,766398463
0,962851087
0,694735496
0,801704142
0,010020655
0,139940444
0,141159789
0,337132829
0,043144297
0,140716384
0,868426125
0,493170335
0,237860814
0,643608711
0,666628229
0,105665016
0,110308105
0,341522629
0,544764761
0,13901458
0,200901989
0,425276288
0,381956062
0,708987372
0,396407282
0,263999621
0,308608588
0,615543708
0,562017255
0,874540906
0,003384109
0,253460438
0,363310619
0,266332279
0,584458704
0,260792882
0,514063758
0,939576007
0,119336125
0,051126333
0,942382524
0,791048453
0,719717572
0,081690353
0,866634174
0,910623242
0,867831157
0,635887646
0,632322208
0,31201565
0,026296088
0,071557195
0,457163146
0,554955794
0,534419998
0,341122176
0,580895024
0,985748124
0,40529686
0,746021035
0,831331856
0,525616081
0,775115574
0,168603391
0,137332275
0,614965687
0,129859715
0,971528535
0,059150007
0,405835347
0,591601258
0,170732098
0,222186504
0,493638427
0,196632056
0,409853535
0,705558715
0,300265709
0,842353198
0,48578404
0,396168463
0,672720942
0,9832215
0,250001605
0,848244818
0,931826914
0,796297291
0,808354825
0,731912281
0,243336528
0,679897858
0,528315633
0,534279147
0,37331509
0,219794477
0,416766443
0,015932879
0,551114182
0,944358079
0,251668487
0,780763527
0,896302622
0,576737639
0,226486861
0,720414393
0,85556399
0,849370691
0,963524719
0,358323738
0,124566463
0,63556346
0,280629315
0,143394927
0,919512819
0,349852571
0,158610915
0,542394581
0,525113969
0,320358572
0,205505361
0,818668396
0,32150489
0,239616254
0,815813478
0,725937489
0,063285625
0,63645295
0,848871414
0,27384395
0,779865613
0,393920656
0,154444533
0,35590763
0,590684711
0,705020513
0,499865841
0,095983302
0,756734638
0,529587212
0,992680828
0,082456222
0,832772572
0,450031087
0,607345818
0,607773068
0,399268543
0,384920707
0,614766328
0,023462519
0,061183562
0,874371862
0,49081891
0,23075561
0,738852718
0,433000091
0,459258637
0,656686368
0,760924161
0,500549372
0,657128768
0,21911104
0,000499278
0,689680769
0,578458125
0,730645806
0,481118927
0,924721685
0,552710216
0,214492306
0,849986731
0,062627613
0,785659943
0,995526757
0,327677744
0,123049139
0,985895824
0,871473803
0,632270437
0,208040411
0,326668947
0,678364918
0,021686622
0,825408894
0,212660388
0,905493751
0,903101747
0,923688924
0,617054913
0,15768462
0,245761877
0,843179473
0,335059141
0,256185266
0,872458444
0,773569788
0,081956944
0,143091803
0,871572962
0,876700011
0,126654141
0,474546858
0,832210491
0,400274022
0,173475789
0,998555949
0,088711919
0,495292153
0,903077865
0,615803579
0,447104267
0,587784834
0,024415931
0,55288375
0,173880425
0,97876385
0,197424417
0,175090383
0,477020381
0,672964374
0,82754406
0,557430003
0,307666772
0,395025596
0,96873043
0,006807257
0,727568471
0,529474676
0,123068313
0,554107956
0,041092194
0,842804021
0,999900841
0,755570425
0,08138627
0,852122089
0,846154427
0,621412601
0,651933106
0,214104439
0,816781832
0,407809594
0,020611058
0,001251333
0,710580353
0,657977043
0,818763542
0,782175391
0,082304841
0,893694594
0,576145371
0,906866561
0,666071422
0,198608588
0,049155952
0,569224138
0,166880086
0,437184895
0,431543592
0,166668531
0,270987478
0,559237243
0,37222384
0,34896991
0,574711385
0,604300245
0,587883992
0,268845506
0,47149748
0,321758337
0,132609423
0,576011817
0,523157277
0,262915942
0,856182542
0,419734465
0,536818945
0,306415439
0,684445242
0,310753387
0,188043716
0,94539308
0,447169835
0,229373718
0,977962585
0,134225633
0,176732599
0,801292253
0,706414473
0,512162132
0,685242003
0,408969532
0,189869009
0,485264575
0,943116961
0,257544589
0,035585755
0,671641149
0,426539948
0,106280108
0,070093051
0,549918036
0,310677911
0,760546504
0,761085172
0,000133554
0,383709284
0,40315548
0,342426046
0,629421487
0,032405193
0,860464647
0,752739653
0,120790205
0,978624816
0,325594398
0,112067408
0,142850122
0,371007324
0,440485752
0,427567647
0,786591739
0,562431033
0,959335348
0,636516333
0,723639891
0,386142808
0,037892703
0,319798981
0,598637953
0,384148711
0,865177796
0,87987549
0,578165134
0,240660336
0,63812568
0,634715169
0,686623331
0,468288547
0,977829031
0,750516349
0,773577119
0,458866207
0,076992986
0,479756939
0,824777356
0,656229879
0,069078803
0,506639759
0,617522562
0,145477181
0,892735633
0,300633825
0,986054196
0,678712461
0,283501311
0,987487003
0,351342564
0,124030171
0,037445281
0,613990746
0,345816581
0,083356499
0,743788093
0,245272776
0,167227397
0,980589156
0,174574519
0,88012987
0,340499136
0,69087923
0,425444077
0,674561575
0,393178293
0,689969403
0,653990528
0,327725532
0,485438047
0,479578408
0,811738977
0,067410012
0,317064005
0,531252943
0,702276419
0,453160772
0,491413078
0,564543971
0,893821294
0,899452673
0,957159025
0,650638677
0,283372605
0,56259316
0,430843266
0,363838285
0,404699768
0,69022062
0,715078114
0,83172021
0,312529542
0,8441882
0,48165536
0,188948934
0,166140623
0,926643332
0,720033105
0,218174058
0,907455531
0,296084794
0,024721934
0,955775779
0,502048956
0,871764156
0,312291194
0,970035269
0,296926741
0,814563638
0,38108008
0,290627321
0,753859699
0,602683426
0,086767863
0,275121846
0,922970845
0,689860459
0,407506625
0,862850917
0,243718309
0,029340008
0,285269634
0,963769908
0,612647418
0,653717837
0,167048866
0,967550777
0,585754651
0,128115072
0,36511232
0,775633087
0,733127667
0,273239019
0,65708844
0,5977365
0,874730739
0,001383245
0,148589721
0,411608449
0,250301966
0,460807997
0,066911545
0,59013613
0,30914054
0,424450794
0,077860511
0,709846116
0,757420337
0,206533515
0,265978089
0,476280165
0,519136708
0,857182188
0,974455749
0,878115524
0,010815159
0,060952025
0,343128361
0,848331119
0,70471529
0,344740417
0,384280618
0,168811669
0,449451318
0,605446993
0,557499654
0,480620679
0,945594986
0,489031363
0,400391107
0,921587599
0,541270738
0,995898176
0,61254895
0,782910312
0,962428463
0,695133504
0,654629368
0,188196624
0,575857325
0,45720275
0,21013044
0,379221137
0,862136983
0,888832155
0,256496379
0,875945479
0,29878327
0,778972916
0,586921341
0,813778714
0,658254884
0,300258602
0,70689316
0,90556155
0,076527379
0,898099875
0,140684812
0,703693548
0,86695114
0,597239832
0,76425113
0,268388975
0,806142408
0,344390489
0,935009427
0,523238532
0,244633238
0,191545437
0,91568706
0,315681655
0,406322658
0,154931737
0,272473794
0,247512539
0,134609976
0,005059481
0,306674686
0,560619163
0,348950613
0,681554175
0,181837409
0,16662207
0,902110022
0,586612393
0,263332715
0,241012136
0,289005016
0,706987401
0,706382932
0,064328588
0,554448692
0,95093582
0,321245485
0,978617493
0,69295162
0,941741466
0,573078729
0,517746493
0,953822728
0,733257847
0,631312241
0,107237833
0,863285856
0,271239685
0,407456056
0,503323147
0,027784808
0,45938062
0,770951573
0,071467899
0,591425189
0,580065649
0,354742934
0,185396964
0,415402423
0,597629059
0,366278953
0,219530015
0,081057774
0,693997291
0,234233516
0,537645837
0,485162505
0,851358473
0,761232963
0,455386838
0,833686253
0,293856301
0,554560919
0,192868511
0,431980752
0,788928193
0,606796435
0,615692766
0,050241935
0,074599576
0,303336214
0,630870336
0,179156337
0,760009569
0,213227328
0,829624395
0,936035828
0,634915034
0,472903399
0,974383044
0,596192886
0,13584852
0,56321507
0,095322561
0,575462513
0,353548714
0,43668872
0,259825437
0,499024331
0,093666404
0,622075328
0,011927383
0,510006723
0,952069218
0,669636894
0,733928507
0,904819701
0,578083062
0,639487147
0,802496996
0,973269214
0,739050168
0,13515503
0,340802848
0,294292845
0,735408616
0,040373678
0,321048205
0,480769962
0,404609121
0,601610009
0,850247471
0,378455074
0,786849919
0,859193952
0,697837732
0,730641231
0,459238358
0,617405998
0,078432038
0,352239473
0,346970997
0,116668435
0,956575531
0,452524247
0,291408831
0,120863614
0,227087119
0,090372674
0,479298822
0,924804694
0,357952765
0,995427886
0,670406402
0,00111383
0,857142718
0,000693491
0,222412222
0,801029716
0,840053897
0,313175036
0,115640514
0,779055475
0,09441521
0,492056394
0,771827857
0,633472309
0,723156804
0,092875266
0,971799162
0,003287275
0,445581343
0,960677064
0,56105511
0,450257523
0,626298216
0,622381733
0,178579499
0,8882786
0,002884014
0,614545002
0,813286559
0,230675531
0,00147114
0,479804427
0,243657244
0,854819585
0,708048672
0,785736089
0,002051234
0,697144241
0,508229009
0,658208642
0,777352101
0,765257001
0,236598959
0,567915522
0,022253226
0,464519137
0,68069639
0,657936523
0,39770681
0,134211852
0,118573512
0,476011547
0,479223351
0,397275701
0,434372777
0,22014888
0,374815613
0,234760985
0,822113992
0,334133622
0,798145702
0,225508894
0,499888477
0,884964983
0,777584335
0,614610783
0,24839915
0,917008273
0,925423637
0,937420714
0,090824033
0,274654921
0,495058266
0,787372701
0,183324963
0,795798108
0,213658563
0,058382694
0,600128507
0,714060362
0,20758221
0,344947491
0,216838192
0,679074707
0,112102019
0,525459594
0,000581076
0,846381543
0,420446808
0,487899792
0,410920476
0,767290248
0,875030249
0,174095387
0,86006294
0,551843207
0,265368524
0,351633976
0,790331188
0,407642443
0,216119987
0,763688117
0,732512886
0,460286096
0,04338782
0,843918591
0,98095328
0,69185065
0,213950737
0,638574669
0,006490316
0,316432919
0,634632478
0,10805363
0,126551412
0,453198211
0,008670702
0,82081377
0,772862964
0,252124741
0,614029706
0,402017607
0,496561465
0,437523845
0,526500238
0,323533784
0,399624672
0,320962879
0,927309762
0,631481757
0,530429584
0,862024587
0,268051507
0,192486064
0,497940375
0,443894093
0,612434605
0,756552096
0,635686887
0,268183428
0,544506314
0,308730427
0,632430806
0,781872139
0,481409476
0,094487557
0,13265777
0,766976619
0,047543976
0,406864728
0,543172505
0,444554754
0,578771013
0,538206447
0,793612737
0,81410238
0,267126652
0,294989041
0,933785858
0,719854035
0,44429392
0,659990401
0,764540888
0,582468981
0,108145084
0,144465729
0,048381412
0,442146414
0,610113255
0,682657319
0,840763606
0,252118606
0,185126883
0,504679536
0,707618427
0,305299279
0,769586801
0,714689326
0,956114369
0,432012681
0,190876014
0,632648052
0,273418903
0,520445034
0,088309252
0,08587483
0,283253574
0,72984506
0,398873327
0,683837996
0,176767441
0,317445565
0,822766238
0,915832852
0,823889508
0,884515912
0,544189539
0,049961825
0,673727055
0,336943747
0,046106145
0,690511356
0,156863364
0,364886657
0,566101122
0,291053899
0,259427871
0,074091477
0,830588019
0,488313457
0,044515578
0,552437326
0,338874672
0,501773177
0,528978021
0,811645867
0,386571498
0,244095854
0,494159729
0,022270254
0,861212155
0,318536353
0,043273087
0,926275259
0,505889877
0,523318041
0,429352367
0,269294031
0,680790027
0,823102515
0,76110974
0,719624976
0,040962271
0,619170622
0,385906536
0,500364658
0,475784688
0,908532246
0,954343912
0,797255353
0,82644696
0,209162098
0,899257041
0,91055987
0,639322418
0,624330115
0,978570893
0,320993061
0,386854831
0,012243641
0,497944414
0,300093685
0,555802096
0,651456801
0,475731592
0,727569792
0,647238269
0,230588105
0,85899678
0,042783081
0,861701531
0,99013384
0,393301449
0,007485504
0,727203717
0,324890602
0,511475055
0,71970405
0,115866642
0,028613363
0,335861179
0,478039251
0,289751942
0,696904375
0,195823294
0,652050057
0,419279312
0,132713216
0,286952842
0,881559763
0,544747148
0,108359307
0,8824392
0,668546386
0,325158101
0,461016055
0,16382288
0,38950547
0,14343903
0,658336744
0,853126389
0,245196584
0,049535467
0,911560831
0,935553822
0,83631312
0,815860648
0,891771536
0,183356153
0,314431816
0,11285506
0,258866843
0,205126419
0,358241468
0,676382462
0,019905163
0,010341743
0,858897721
0,455633507
0,823681535
0,30829048
0,514525053
0,943635263
0,977437017
0,498035932
0,753342225
0,107694639
0,724755063
0,682327404
0,266187661
0,161067722
0,121969585
0,576265019
0,457529898
0,175486974
0,090664595
0,428503785
0,378191111
0,761350553
0,359510174
0,836189409
0,527507776
0,949357063
0,972521026
0,768704703
0,285880305
0,903232887
0,524197732
0,992163924
0,305252938
0,450674313
0,304925159
0,933871963
0,319757496
0,350046263
0,338601336
0,301561321
0,07209845
0,413524899
0,182211598
0,728618481
0,091105585
0,209444133
0,917168492
0,153364095
0,990885474
0,682601824
0,747596521
0,182754494
0,585717867
0,591401378
0,632150631
0,097547168
0,096123333
0,987492125
0,780782705
0,56516799
0,971114237
0,208732314
0,212155627
0,850109337
0,583496907
0,732591139
0,377074466
0,815513349
0,856142563
0,188097622
0,256507523
0,107483635
0,836885638
0,789103274
0,356405335
0,964666212
0,579138955
0,630891694
0,745083824
0,318063643
0,032188571
0,819156931
0,777819229
0,603278481
0,155636366
0,341443238
0,406446057
0,713851559
0,818523682
0,20737799
0,83774863
0,33226537
0,569263559
0,773433346
0,330447083
0,863366136
0,201369272
0,33210226
0,145121574
0,358514446
0,832369667
0,101655143
0,297221532
0,802787852
0,426094301
0,640112887
0,345868856
0,796614593
0,234996044
0,667484419
0,518408213
0,465231639
0,242408301
0,462719062
0,532979419
0,151957306
0,430913085
0,608877146
0,694472971
0,242053669
0,326145082
0,663222906
0,996989667
0,648764572
0,350348992
0,924242153
0,538220076
0,063452292
0,458656191
0,493039199
0,763296941
0,247036695
0,48577012
0,386569378
0,485693976
0,930533428
0,521935399
0,975031377
0,17718418
0,51552348
0,995574383
0,609831463
0,478855516
0,151039263
0,688969777
0,372516991
0,089857069
0,106544497
0,240453927
0,178489777
0,43245305
0,592492125
0,637629289
0,903067905
0,032369364
0,16914676
0,104665476
0,648456959
0,45243886
0,501852148
0,10189281
0,282416564
0,337958403
0,741956845
0,904187478
0,271371518
0,979461519
0,855838923
0,977025086
0,602445991
0,630021907
0,455881709
0,431692966
0,178949492
0,246479286
0,716313619
0,184367391
0,845950404
0,959794795
0,977832001
0,834385084
0,431675579
0,822998364
0,280166413
0,060586148
0,170804815
0,609407406
0,582702215
0,354200015
0,316547216
0,825867951
0,87347844
0,522592517
0,675332032
0,413630669
0,713157819
0,271873061
0,736898671
0,246851785
0,417598259
0,393055472
0,234018146
0,129519411
0,638007936
0,548467871
0,976571342
0,160799159
0,458679797
0,656588619
0,316055745
0,98477937
0,258715072
0,688662164
0,474606859
0,667467063
0,670217231
0,4594182
0,057791989
0,681370696
0,733382663
0,661964112
0,396759304
0,501638909
0,66047787
0,77657804
0,756543467
0,933289192
0,756360934
0,765318822
0,533321467
0,444440558
0,44746872
0,599098619
0,542196536
0,584776528
0,600366939
0,302156168
0,184990428
0,731698543
0,084014806
0,010005657
0,150727609
0,926113596
0,03814427
0,331767846
0,567152879
0,184816276
0,047985658
0,007864969
0,743413438
0,253739619
0,214081071
0,055527974
0,513469122
0,755634148
0,996296168
0,732379237
0,469041541
0,861429897
0,791924404
0,04328215
0,404438225
0,693360975
0,123267151
0,871615186
0,537310649
0,659616453
0,146465628
0,889830331
0,067100124
0,368061064
0,274427772
0,326093447
0,59735589
0,723377006
0,511236503
0,470645708
0,463494639
0,328710024
0,209425161
0,571727191
0,885303534
0,748495965
0,021905385
0,279581849
0,230359487
0,391940746
0,085629497
0,786562388
0,58848036
0,867987702
0,833114626
0,323560531
0,939774139
0,040732656
0,605567432
0,457366634
0,802846445
0,166529084
0,794457197
0,907536426
0,038350647
0,158155327
0,940764845
0,375352374
0,979311847
0,887987625
0,458172085
0,790092116
0,244397645
0,525650461
0,268884598
0,140331518
0,652004736
0,220197213
0,157978616
0,65594226
0,67145559
0,843685303
0,641255699
0,145369904
0,573986956
0,35990324
0,301349971
0,199112423
0,534946437
0,95086724
0,386319308
0,556623234
0,117809574
0,053869869
0,667799263
0,296965555
0,534252827
0,301888735
0,533376544
0,727148207
0,80773112
0,64655301
0,300270002
0,342371862
0,933768661
0,295537381
0,542164744
0,0628299
0,599103103
0,692783109
0,671555796
0,719576926
0,88275404
0,949625172
0,785911044
0,959161142
0,525273384
0,649087293
0,33354947
0,678447407
0,856805356
0,741652422
0,840405937
0,028444607
0,501668317
0,901548851
0,672282542
0,190527775
0,857851197
0,971919043
0,60607869
0,350116001
0,686820669
0,430830409
0,84821114
0,02490258
0,543415301
0,298883837
0,211601243
0,278449575
0,817738497
0,238520071
0,60000932
0,842163328
0,279311445
0,666742382
0,673869194
0,168184402
0,267958826
0,708638121
0,771692171
0,885165534
0,968339264
0,854929137
0,870342851
0,066078698
0,806147073
0,271825395
0,840703545
0,03221981
0,623254839
0,351636968
0,204978702
0,62718406
0,086704419
0,321439794
0,032756256
0,451923631
0,101414031
0,761008463
0,415745841
0,226389547
0,43748605
0,055099896
0,86070891
0,618285285
0,141643102
0,998242609
0,749133162
0,834925935
0,227679657
0,504098139
0,92256895
0,149213076
0,200226873
0,720913156
0,381776737
0,831891533
0,560487558
0,782132442
0,218755507
0,271589907
0,458180292
0,179381432
0,655194735
0,466101528
0,033541369
0,97282526
0,75545891
0,95787165
0,633986126
0,221945563
0,066770371
0,506950362
0,292892281
0,545302624
0,447679484
0,913239369
0,994220226
0,252057566
0,924435595
0,807904464
0,522692233
0,00577761
0,804540154
0,1191567
0,429068018
0,055765626
0,426957187
0,365791263
0,939663058
0,200864724
0,891436073
0,319281589
0,542252956
0,144155934
0,768209255
0,258104618
0,39990516
0,394607382
0,584743916
0,168817842
0,242783699
0,791261512
0,20093981
0,005734094
0,437327768
0,415618587
0,856320796
0,654924249
0,273233672
0,468537368
0,837671307
0,308429992
0,857696847
0,410851043
0,748897674
0,452402682
0,374841279
0,536038036
0,03703351
0,977775743
0,545868073
0,389667647
0,018208593
0,433121402
0,33050949
0,747488782
0,964697407
0,148736347
0,777093369
0,189574866
0,513334208
0,599612844
0,66731365
0,755617753
0,565120765
0,731430721
0,8048378
0,79880606
0,681828931
0,013449431
0,199444831
0,772032938
0,092557591
0,47112569
0,363193417
0,583006081
0,461584742
0,131401912
0,39525826
0,315806572
0,88326334
0,863867124
0,357573872
0,606968174
0,62294977
0,853116052
0,773052919
0,767818408
0,675224604
0,689838986
0,450921181
0,707584449
0,87783088
0,083658806
0,95520316
0,238058463
0,641116342
0,102079094
0,845730278
0,017466953
0,647564882
0,576035219
0,854209104
0,023584079
0,778330912
0,773835135
0,297110056
0,547082903
0,069927985
0,747503409
0,28590404
0,833295494
0,753478086
0,461286796
0,306311526
0,649467084
0,242038972
0,060345476
0,132667983
0,712004714
0,958377802
0,037019393
0,123581456
0,991989945
0,56252825
0,491860382
0,894202058
0,008898785
0,51592253
0,125134954
0,941889739
0,359505648
0,285671634
0,377791307
0,668241691
0,307228121
0,00965802
0,333989793
0,828637261
0,849114634
0,556005996
0,225970016
0,697890422
0,927721195
0,403934946
0,617625687
0,954106363
0,416544084
0,77734728
0,305736076
0,996019491
0,580770866
0,96941111
0,133725565
0,059089151
0,610545489
0,452453763
0,862219159
0,461055829
0,286470531
0,879633077
0,288211271
0,031160373
0,944793032
0,80561367
0,926398392
0,54762386
0,375686779
0,793045106
0,999083405
0,639809064
0,908049179
0,231708215
0,283553349
0,155998718
0,732407786
0,339128971
0,195860261
0,588054999
0,944902563
0,537754019
0,477657974
0,231551505
0,210186454
0,129115463
0,361118872
0,390094537
0,15194607
0,318702156
0,057696202
0,854774357
0,147438861
0,872933964
0,542166731
0,969481557
0,267794724
0,194809643
0,753097391
0,122107524
0,477536554
0,070001827
0,578419583
0,623498978
0,778263875
0,665927012
0,087970312
0,349062652
0,685857762
0,977726846
0,326681365
0,271416518
0,256593503
0,27416416
0,516153265
0,748716512
0,401975103
0,056659766
0,820973919
0,815677569
0,444494798
0,536303855
0,39567779
0,056984623
0,735348904
0,144309048
0,492370203
0,035115215
0,689541484
0,314071792
0,888203994
0,537598143
0,58603158
0,073752736
0,110518445
0,874900737
0,959334436
0,854158996
0,45328763
0,544259442
0,041145151
0,012056221
0,704236776
0,174219223
0,99202079
0,786279684
0,598180855
0,8732747
0,356780699
0,793450219
0,567506454
0,211134958
0,373835724
0,937419822
0,677612726
0,941232699
0,674324036
0,52143496
0,888150074
0,633954827
0,173556808
0,052855098
0,659521167
0,37178597
0,089522853
0,789083222
0,685384938
0,182840766
0,163645715
0,641252529
0,789382076
0,547816107
0,603372136
0,276714477
0,774532418
0,432438577
0,832067079
0,221458567
0,064963833
0,94906922
0,546128194
0,619095503
0,678334516
0,896091265
0,746565338
0,677069036
0,16376242
0,648611758
0,39614001
0,169285746
0,2005767
0,437899476
0,966008922
0,819332804
0,370702634
0,988290053
0,352535053
0,332450806
0,084696371
0,202937568
0,100894746
0,415340088
0,709628985
0,71552817
0,004068143
0,019690346
0,607762821
0,097121247
0,162887404
0,245174149
0,10916562
0,452865469
0,456471127
0,939080854
0,087826633
0,554461305
0,374520582
0,763429902
0,625220632
0,412453816
0,625320803
0,03677318
0,786700757
0,994359969
0,440675828
0,3514826
0,581807185
0,784039333
0,906011843
0,786242365
0,079903524
0,499616273
0,136762196
0,862026265
0,848174474
0,130788106
0,909466518
0,962806346
0,892023122
0,726874992
0,069306215
0,066641173
0,485724354
0,150965861
0,060120126
0,747711231
0,981428349
0,026928068
0,731506171
0,816241329
0,613769471
0,589105151
0,707230175
0,672242554
0,577616765
0,064121566
0,628639331
0,715269016
0,274852342
0,652585544
0,437883161
0,823723488
0,191109404
0,376645039
0,165270625
0,609549348
0,316103273
0,594444862
0,09090638
0,957038527
0,644994787
0,411714236
0,87140678
0,89834564
0,343147602
0,55867963
0,551048825
0,635734896
0,934239842
0,692964597
0,37005425
0,554879117
0,052533162
0,089770515
0,172472894
0,490798373
0,792386098
0,464519642
0,284409499
0,784052908
0,502148774
0,194197502
0,687954004
0,239437578
0,28899183
0,245582726
0,875531769
0,109079316
0,985695235
0,450570779
0,431607958
0,386983487
0,936021688
0,774467643
0,171246541
0,202055235
0,71769837
0,808884535
0,329094953
0,018937136
0,513072741
0,992904435
0,781029174
0,581887744
0,282531293
0,883004044
0,771190326
0,101338889
0,204172144
0,674472252
0,81716325
0,851583631
0,310035363
0,306853472
0,454889753
0,450797286
0,723760232
0,631969202
0,609353809
0,097564875
0,683147861
0,441969509
0,650039661
0,483669064
0,26135664
0,983070763
0,618857429
0,278065519
0,918523973
0,970417659
0,773100003
0,983501563
0,135424689
0,265472364
0,270980167
0,509244339
0,413168328
0,10606626
0,956906285
0,405987786
0,4743924
0,77419288
0,904907172
0,311222983
0,633407529
0,580024326
0,076948125
0,629168216
0,31957789
0,720449256
0,478295003
0,085729168
0,199530725
0,231530077
0,335789275
0,071103232
0,342864775
0,29736011
0,320531104
0,29946053
0,264146615
0,493124807
0,182814916
0,233754485
0,90137225
0,833661687
0,716158942
0,044562999
0,035873305
0,945645414
0,037628958
0,617693972
0,675062917
0,203366023
0,623172475
0,90895498
0,537062338
0,338816677
0,850261535
0,681332313
0,906122638
0,989689212
0,958487629
0,198074718
0,492122656
0,687370834
0,783970837
0,903894612
0,929683089
0,199876935
0,166379564
0,115808217
0,785535156
0,657445755
0,141841171
0,981267593
0,591377965
0,671152687
0,409850734
0,799745842
0,863865385
0,032385126
0,593294911
0,373932476
0,682820298
0,860601032
0,410666251
0,996164702
0,608357603
0,426834295
0,534040894
0,004048097
0,447098575
0,639198791
0,393337893
0,274457403
0,534637178
0,984740198
0,741631829
0,214001415
0,04969085
0,81226433
0,11487991
0,83599637
0,77926585
0,921820741
0,832158816
0,017617162
0,061524852
0,641904882
0,317577016
0,865909651
0,928965944
0,050515693
0,817466929
0,873737512
0,396394301
0,584555153
0,51525442
0,631521624
0,276704583
0,787806135
0,29553701
0,502848794
0,665836042
0,162331467
0,668709642
0,146336365
0,264107862
0,867383768
0,446630415
0,606637766
0,929520857
0,195849318
0,750054992
0,051601055
0,917505216
0,757298542
0,594666626
0,760999557
0,028442216
0,393049089
0,93463985
0,966452721
0,109257279
0,668131242
0,075082154
0,396582882
0,821731863
0,519600381
0,878063102
0,950082025
0,469485778
0,110110205
0,937296832
0,261884715
0,51672732
0,612031116
0,170160328
0,616934384
0,253111099
0,685822451
0,7535093
0,194141084
0,195274466
0,710939249
0,936388794
0,733116626
0,300460701
0,765865873
0,956232295
0,639095759
0,989888527
0,754254863
0,603079409
0,883655494
0,853166285
0,329084288
0,393591515
0,997704799
0,087249313
0,27212676
0,324604502
0,744507481
0,989320666
0,49654839
0,137151988
0,819410653
0,258552486
0,488170278
0,534873735
0,3054741
0,587138213
0,977732242
0,507888458
0,342619764
0,639539789
0,740498766
0,771178255
0,39831803
0,731742449
0,341965528
0,096122181
0,055865989
0,563368086
0,238967343
0,960193498
0,715230915
0,507030796
0,053641338
0,40871843
0,187643032
0,218439601
0,172455529
0,529685071
0,980984339
0,361217949
0,009001819
0,204820419
0,698726076
0,573787261
0,116978141
0,47456414
0,812290423
0,230992138
0,650758195
0,051957546
0,012156285
0,246366405
0,260459644
0,244115705
0,112667519
0,557906034
0,995273485
0,265962351
0,745283785
0,176004579
0,268738513
0,181139396
0,750353323
0,536354893
0,421921073
0,312379857
0,204911147
0,079451848
0,347230703
0,087034499
0,414682685
0,448047172
0,52690412
0,981401815
0,63053797
0,535678347
0,072452179
0,824530769
0,614764307
0,867401388
0,283831758
0,824873851
0,912609891
0,187009797
0,948037212
0,468864511
0,246571152
0,809525633
0,296050911
0,629736998
0,223166116
0,906493178
0,784401285
0,80497976
0,092479436
0,827862423
0,454467096
0,162371183
0,151866188
0,804598284
0,269652993
0,732838576
0,883761435
0,563723696
0,637274861
0,564109114
0,719462285
0,279057829
0,613577735
0,576989172
0,485453855
0,170742717
0,651198043
0,877882397
0,892172821
0,443864662
0,268529505
0,563343526
0,58831768
0,953056563
0,065808705
0,395385514
0,783400937
0,717493705
0,863868384
0,508189507
0,663645886
0,72192436
0,888922379
0,802675547
0,081211251
0,910080995
0,672664581
0,810166023
0,597748395
0,550993182
0,941112415
0,348886195
0,549734936
0,383928098
0,749402226
0,967513322
0,195947898
0,719061738
0,144283143
0,052423399
0,255295135
0,906518888
0,912806938
0,648614774
0,559332918
0,89112357
0,574053503
0,198809625
0,738789579
0,874267478
0,949437638
0,16626773
0,699855312
0,129085355
0,900463228
0,997537924
0,39013545
0,810902189
0,495777922
0,57537286
0,498078136
0,84103202
0,280134002
0,341179639
0,502752247
0,91964331
0,01360859
0,204389582
0,203654337
0,098295383
0,199437616
0,064339199
0,573210562
0,811444985
0,252894372
0,757126998
0,809117422
0,240307605
0,243342628
0,19008768
0,336027492
0,473854956
0,071376444
0,723480917
0,601555544
0,774844685
0,649030883
0,420649581
0,483464871
0,751864301
0,577377872
0,385045709
0,223283817
0,568910283
0,554345263
0,414263115
0,626384886
0,571627299
0,145862527
0,639689608
0,877514981
0,369663921
0,995155288
0,640494197
0,674829862
0,885098439
0,593057168
0,888410327
0,876190983
0,14333623
0,188420503
0,149827845
0,567559561
0,305690241
0,239345367
0,02422318
0,769655576
0,556653085
0,739624095
0,727907562
0,270612428
0,592959008
0,720924711
0,451790035
0,520917511
0,814391908
0,841055382
0,004300279
0,257099722
0,838631257
0,130742112
0,237490123
0,094445078
0,603653021
0,3125727
0,966363572
0,478699667
0,430882247
0,048651055
0,716457105
0,181787518
0,760620555
0,544458599
0,340128641
0,563443799
0,427550026
0,817486148
0,917593576
0,329564916
0,530122082
0,644607538
0,069731801
0,832003204
0,417954965
0,36907718
0,284555972
0,64873921
0,543365253
0,119576686
0,860437954
0,044043057
0,588756888
0,631310606
0,037559725
0,012594118
0,95093038
0,055382767
0,96390654
0,993117542
0,272981796
0,545523513
0,338773329
0,50800203
0,023166991
0,546120044
0,509991872
0,04850041
0,38079607
0,888346237
0,093367484
0,996905759
0,923461807
0,674735363
0,726977639
0,194023719
0,06101031
0,405486919
0,676490113
0,23457584
0,028016727
0,317624362
0,935334414
0,311305562
0,188213101
0,672414048
0,593030629
0,12930995
0,506898873
0,327534523
0,612513419
0,372167259
0,853579608
0,924476034
0,056583121
0,984598569
0,305834209
0,561729771
0,808836213
0,871834922
0,859085308
0,236055562
0,26794314
0,655019016
0,026209201
0,863532195
0,12058125
0,914021525
0,904332966
0,843536006
0,951583807
0,545443461
0,378892654
0,7293307
0,965100814
0,955357434
0,610189099
0,027467767
0,319788929
0,350752943
0,953089414
0,380681923
0,541601537
0,053261546
0,275832818
0,721200225
0,143326151
0,998985773
0,618152242
0,74237907
0,88818951
0,499280539
0,596650706
0,804655191
0,375490532
0,791961165
0,049681222
0,280315398
0,285096361
0,324680906
0,551832798
0,679009104
0,224976983
0,663362867
0,375950716
0,067069958
0,993274605
0,124248908
0,95937522
0,101225687
0,37440947
0,278366442
0,241940842
0,45808327
0,918745507
0,478403385
0,694454026
0,214681593
0,379186199
0,305008976
0,720206044
0,121595477
0,295869283
0,161953896
0,955346496
0,452303268
0,948792754
0,574237463
0,353840167
0,173139649
0,905676212
0,329873701
0,742371407
0,995108023
0,798920145
0,27408031
0,15570494
0,87823867
0,67731083
0,208762859
0,72792562
0,019077243
0,039610553
0,516926556
0,3679696
0,609823068
0,257339697
0,138567437
0,885909684
0,897087147
0,097507139
0,834999629
0,901129199
0,980087385
0,604474862
0,430237321
0,383139821
0,063023087
0,708016371
0,923647448
0,118277204
0,419037142
0,770408741
0,786235571
0,195549475
0,044535769
0,535995035
0,246832819
0,659163125
0,644665197
0,322698445
0,816215356
0,537370763
0,17042334
0,577083356
0,701128801
0,081984924
0,778942727
0,793984296
0,345523428
0,194963571
0,810225318
0,688327779
0,45675302
0,07563251
0,070676583
0,428744502
0,762284022
0,390633161
0,368682823
0,890940489
0,092681853
0,170222299
0,753663382
0,090485655
0,308888478
0,248668502
0,253374982
0,321377081
0,323433831
0,073828033
0,010506878
0,479404311
0,241244487
0,574388702
0,281291783
0,297628866
0,730705859
0,403004029
0,903346062
0,348252398
0,604197094
0,26903879
0,362492942
0,728683877
0,308051887
0,730709363
0,313655721
0,710603061
0,124872892
0,615791267
0,773711013
0,856199658
0,290480302
0,753724708
0,230016592
0,645993057
0,783707381
0,079937685
0,268194877
0,452460299
0,828609941
0,457565647
0,470550465
0,271695396
0,184456693
0,330821006
0,447083292
0,882364318
0,794340727
0,773047717
0,698038643
0,359279993
0,487287099
0,020430426
0,286743396
0,823643063
0,807729356
0,024979506
0,782433768
0,578179115
0,935012781
0,542771921
0,196504188
0,707642565
0,30011702
0,15430722
0,18892401
0,487519779
0,34437211
0,635298726
0,513921485
0,650768175
0,134809152
0,450885763
0,519642456
0,146631447
0,798488326
0,090797547
0,544227184
0,97723088
0,283626071
0,431291403
0,916262334
0,351825175
0,917752624
0,41443102
0,368912559
0,270049876
0,466981312
0,406373529
0,838263701
0,758727875
0,297503917
0,690015762
0,517447518
0,28583802
0,261061459
0,7629079
0,971578376
0,030149473
0,141896997
0,959563514
0,537992208
0,159042001
0,259126232
0,047270468
0,224470841
0,036401337
0,500787969
0,140111949
0,025154737
0,71693181
0,480752322
0,805202888
0,294553044
0,503721377
0,626509587
0,844679013
0,789889941
0,885686
0,785394661
0,918874133
0,020538466
0,937998581
0,797035024
0,75519361
0,353264258
0,44479339
0,933438244
0,233804436
0,885569988
0,035580426
0,119219171
0,514077711
0,835333884
0,324062557
0,893299196
0,757220333
0,092698943
0,870482156
0,189960179
0,332511222
0,769261907
0,326869364
0,381218793
0,121331892
0,277975553
0,492301029
0,395462718
0,013726141
0,659328433
0,416382445
0,973017959
0,085892376
0,244754811
0,223022863
0,939025048
0,599993627
0,362006977
0,503932622
0,69400621
0,779677451
0,102963092
0,266983533
0,254541961
0,989574311
0,597712639
0,966674611
0,969869004
0,970490487
0,610422181
0,869289254
0,75198007
0,919407785
0,695725821
0,452883439
0,149612227
0,693669102
0,556779788
0,675703133
0,477218057
0,860963229
0,049330672
0,919712103
0,574476003
0,469187543
0,062562467
0,033326795
0,269322899
0,61231102
0,385037509
0,293305569
0,395213356
0,588766321
0,176475946
0,410282727
0,22954813
0,502278373
0,072327403
0,391644482
0,523619253
0,311300941
0,522432025
0,42497223
0,40330396
0,790039179
0,664402375
0,053610174
0,390166555
0,791871372
0,073410637
0,245355945
0,043213839
0,686303844
0,026714565
0,833042981
0,730346779
0,183250989
0,69250753
0,785354418
0,927011844
0,564385844
0,697351712
0,357557984
0,585452978
0,317116612
0,474075898
0,163213749
0,742931839
0,285443094
0,22333531
0,647333853
0,6213417
0,165135306
0,15208388
0,165917116
0,338531204
0,624358442
0,516408143
0,784436824
0,804785168
0,008952293
0,64316024
0,477451527
0,538900384
0,139681564
0,25009173
0,708909512
0,562051756
0,343432965
0,679935948
0,04629714
0,809770843
0,286972985
0,464632638
0,959233409
0,613949229
0,164874041
0,839519252
0,086187348
0,315963281
0,501188625
0,310678335
0,104723461
0,568536063
0,426076784
0,624014246
0,878078532
0,534219964
0,860797449
0,494511777
0,105988337
0,666842847
0,908070706
0,980569249
0,918059551
0,921225604
0,219900185
0,8186576
0,445771414
0,067024882
0,765166386
0,601161993
0,399498874
0,605507146
0,177038169
0,83756301
0,334368714
0,700502668
0,192850471
0,551967887
0,173657163
0,78483919
0,430220795
0,468473544
0,303596543
0,698273958
0,53843678
0,908915465
0,1128236
0,515667319
0,372013198
0,174689548
0,701254307
0,848921188
0,573947611
0,379454294
0,901700137
0,306403736
0,546573087
0,038007806
0,394049044
0,346216441
0,393747839
0,019162466
0,550796894
0,900026632
0,911179461
0,499216314
0,391497893
0,588513773
0,289645531
0,177575864
0,341369494
0,308829562
0,320854614
0,321149148
0,236622051
0,439597163
0,676972707
0,219785593
0,382788824
0,31098472
0,705834
0,930104095
0,695011684
0,590476839
0,899907686
0,550577686
0,031559536
0,797583875
0,935862874
0,027964978
0,153929581
0,154842665
0,157918842
0,827440722
0,391091351
0,411058329
0,917676649
0,403569911
0,787094497
0,039220465
0,517417571
0,524309827
0,226021787
0,194437334
0,833320054
0,392424745
0,528066574
0,252798463
0,142832242
0,462102974
0,629431029
0,326787495
0,655218982
0,083064324
0,640382441
0,463643744
0,324150782
0,960320055
0,000118946
0,360601775
0,467656778
0,593914018
0,6526509
0,261680553
0,023646283
0,186526829
0,15091072
0,493413891
0,930057797
0,825563722
0,521920513
0,273402796
0,432691096
0,343568359
0,793567149
0,181524173
0,704082308
0,50057435
0,757156785
0,507482941
0,022511112
0,778761073
0,654751633
0,4737599
0,398533949
0,827142086
0,499623684
0,074854518
0,187058282
0,927447607
0,086907547
0,957356594
0,403450965
0,426492722
0,571563687
0,923503553
0,871658927
0,964341234
0,170791051
0,646793226
0,241514024
0,034652683
0,322740666
0,31726852
0,940182461
0,356028233
0,894096399
0,311650623
0,289497175
0,458858267
0,759561436
0,823576432
0,203163271
0,492636004
0,338090663
0,688895705
0,939162386
0,178891
0,863146604
0,196504197
0,686903145
0,076056202
0,30635561
0,00261019
0,738656175
0,564563919
0,869951831
0,006198374
0,772004672
0,870063596
0,309865246
0,739741073
0,329783299
0,110363559
0,265968917
0,987858429
0,456020407
0,337483112
0,533577439
0,042505716
0,933045687
0,187973061
0,785357342
0,728200015
0,167886171
0,263331116
0,754193323
0,910814961
0,088402059
0,882667981
0,984341167
0,692767927
0,101194631
0,974286854
0,959890081
0,165457822
0,728297073
0,320130475
0,578612346
0,375618542
0,486076403
0,887898026
0,539645951
0,41943358
0,148993021
0,019820363
0,493793132
0,092799712
0,226667087
0,350232235
0,232875298
0,601679273
0,645313561
0,820640888
0,26345851
0,498930084
0,29069886
0,578155595
0,83472402
0,475325059
0,810370596
0,95913687
0,917796315
0,88933669
0,885722429
0,617097319
0,638546442
0,355496445
0,150473478
0,100511095
0,259561355
0,135889932
0,758870767
0,157958897
0,556429313
0,045147662
0,64832711
0,365923763
0,579206994
0,148065808
0,769537983
0,661393611
0,684147874
0,738169824
0,649792683
0,382661894
0,047454366
0,280553743
0,710828345
0,460959996
0,874758962
0,150141478
0,485406456
0,103287287
0,565247946
0,526939533
0,97010171
0,650309261
0,533711151
0,531895702
0,38127392
0,138296688
0,942326234
0,126155992
0,09067088
0,096985367
0,842808506
0,487354664
0,264211574
0,218310848
0,850602975
0,924775097
0,998948602
0,686658212
0,705787076
0,148976985
0,274988996
0,179626491
0,239544007
0,503060534
0,569642953
0,357992699
0,6446681
0,689513482
0,225752133
0,109419877
0,650483476
0,65558348
0,592710951
0,02948978
0,075045951
0,998017849
0,832212612
0,047311292
0,766791887
0,631241296
0,719067377
0,557991882
0,647498944
0,552807316
0,539853388
0,560099702
0,016342169
0,492517497
0,610357022
0,949983865
0,151192877
0,798748244
0,397500211
0,416270961
0,251950537
0,790475219
0,410765254
0,030650617
0,962252749
0,023281221
0,493628587
0,252812752
0,900403859
0,981251002
0,446501891
0,187225026
0,894643713
0,234721794
0,143264897
0,852585126
0,092562485
0,95163731
0,919866324
0,07454578
0,429909608
0,716997114
0,532127547
0,686736691
0,963207147
0,009543251
0,34165053
0,152150604
0,07915646
0,275768268
0,958227001
0,851735232
0,258083269
0,17643999
0,777539243
0,284570732
0,587252595
0,801561995
0,085058542
0,743510666
0,137612708
0,466254626
0,657588023
0,666247942
0,106305426
0,352628362
0,665455988
0,781620375
0,3492526
0,757771896
0,85742138
0,199555567
0,87888192
0,322954431
0,986361353
0,534953423
0,258347672
0,724028563
0,06744347
0,952709498
0,681630691
0,341477984
0,173656291
0,624635591
0,023024002
0,594766659
0,929141757
0,718203723
0,457182551
0,858694164
0,26533253
0,29100049
0,866578767
0,176355658
0,936933071
0,963654982
0,059409092
0,865879605
0,580431265
0,610578785
0,344087263
0,560030155
0,802898004
0,321384564
0,418346888
0,758671434
0,972853312
0,935128838
0,190078637
0,242585821
0,026223061
0,863224032
0,734118525
0,132349045
0,061879975
0,796134725
0,292598334
0,032952432
0,64322394
0,511538767
0,423486605
0,947252266
0,324437825
0,490558435
0,492439366
0,56642089
0,332976799
0,702526261
0,38602136
0,022706371
0,475544331
0,392468066
0,143597298
0,456864685
0,608622235
0,121600537
0,53857998
0,852271727
0,206288703
0,264352568
0,621913347
0,994012919
0,528125086
0,21459673
0,832471104
0,402108498
0,556881964
0,734229723
0,114475683
0,140798347
0,671056648
0,02645666
0,222655665
0,068892499
0,18709218
0,396834997
0,23559233
0,312339568
0,828945198
0,851925998
0,425694635
0,270327051
0,549107478
0,167372266
0,76704149
0,633754995
0,719626734
0,27725384
0,52372681
0,940279438
0,257554744
0,440326607
0,826663729
0,378871373
0,88962542
0,429473685
0,41912718
0,109841095
0,658087332
0,090330868
0,009538926
0,598747076
0,588050578
0,245223013
0,351649724
0,449087671
0,169812401
0,074704799
0,269772505
0,211787238
0,886008207
0,226240412
0,023326529
0,354362705
0,838657933
0,351586296
0,444905441
0,36075282
0,44755524
0,198716109
0,682481764
0,279628124
0,210502913
0,174196245
0,883243602
0,230730041
0,199792931
0,843784293
0,179267079
0,757618495
0,977707817
0,125751235
0,654252237
0,738614331
0,842387072
0,826947559
0,682276473
0,303884464
0,815722542
0,317953819
0,463942594
0,644921935
0,007481336
0,311939572
0,054271231
0,031314333
0,417000078
0,472301024
0,54021344
0,538039124
0,984568244
0,05837436
0,662285855
0,459371222
0,407849104
0,729910802
0,388244163
0,413854333
0,361979411
0,120919683
0,249294739
0,326028108
0,895437721
0,512154009
0,234079421
0,760256972
0,571988175
0,284712198
0,511975633
0,011710374
0,669309823
0,141020977
0,545030277
0,129601421
0,734773516
0,037559829
0,272146789
0,898563342
0,119925014
0,85192927
0,813729962
0,727491908
0,303570853
0,641227955
0,773050251
0,919333457
0,46346538
0,194881014
0,330765227
0,112476271
0,438703396
0,26842214
0,941905053
0,694802859
0,06865908
0,137914485
0,749484214
0,495327326
0,077860151
0,29401426
0,459326157
0,13228788
0,960325391
0,528503066
0,868729301
0,843547267
0,513344083
0,532684434
0,724597707
0,370289275
0,457764013
0,489680821
0,293929319
0,510050141
0,307189721
0,521802832
0,022457256
0,254209766
0,739103758
0,314745964
0,296791591
0,377107161
0,953946971
0,399499362
0,573006979
0,400887683
0,199115924
0,850227418
0,060942341
0,59685903
0,288075614
0,776819462
0,820703191
0,825910754
0,392603113
0,681442082
0,767166517
0,775067787
0,772498654
0,929502984
0,405989374
0,930780946
0,470283307
0,960475952
0,654712258
0,949022574
0,974492821
0,431854912
0,387613138
0,546856248
0,11545723
0,495274449
0,756223568
0,763114187
0,997222668
0,082218996
0,17834091
0,560826029
0,955496087
0,467841618
0,644431343
0,663116664
0,471742093
0,127738677
0,082213661
0,680944551
0,668977631
0,468018565
0,117447029
0,625747639
0,754636315
0,247389468
0,481711112
0,809600774
0,908756589
0,366010645
0,906823854
0,993471019
0,744787104
0,623984404
0,426394862
0,767261012
0,46261428
0,514086093
0,4814018
0,792801166
0,020595894
0,057589003
0,828688085
0,310384117
0,503101172
0,206340488
0,8195717
0,304657037
0,285071641
0,74287271
0,459038853
0,342544631
0,878262291
0,973767707
0,280044944
0,506474256
0,314407883
0,761865499
0,792219933
0,868067761
0,013563337
0,946622794
0,854357598
0,631212023
0,175395142
0,184869891
0,816038925
0,331511683
0,041446755
0,877170331
0,200502385
0,957656
0,646336876
0,289412495
0,660348656
0,611388627
0,63933048
0,807062912
0,122646467
0,548295827
0,427817769
0,177054075
0,524529132
0,16588388
0,906971792
0,564279223
0,115208728
0,771019397
0,343939461
0,919920607
0,452853129
0,700748781
0,72186616
0,613334039
0,779237829
0,0739731
0,203231406
0,197476062
0,134988975
0,318231282
0,390301563
0,488060017
0,263210281
0,40790131
0,542370325
0,501382854
0,696207755
0,588849796
0,313419051
0,668656316
0,867143776
0,507344971
0,639219032
0,243924106
0,440249993
0,836509262
0,422093662
0,688473718
0,724240232
0,611115919
0,069661163
0,045019527
0,987572222
0,121526149
0,424317202
0,499753604
0,23578984
0,033002837
0,510174666
0,586375557
0,408157222
0,441854418
0,672073937
0,804415185
0,157994264
0,939757752
0,913843794
0,116627822
0,623513555
0,405588938
0,868071468
0,526358932
0,457600347
0,675283144
0,05277683
0,945508158
0,061529748
0,477942054
0,173084046
0,942728567
0,651879438
0,514757687
0,47323583
0,523873056
0,248570119
0,345282036
0,500487794
0,141684133
0,983584108
0,042616721
0,265593014
0,663204918
0,07867513
0,727043494
0,260499095
0,425289359
0,835271033
0,834803847
0,085929841
0,500492241
0,922665468
0,30546584
0,064960164
0,318651294
0,74304445
0,543302231
0,587419181
0,312289078
0,068749318
0,478809044
0,438223856
0,757847785
0,859918791
0,567446098
0,934496119
0,893399534
0,968618587
0,148200881
0,555845067
0,812712229
0,439269957
0,772159661
0,133043714
0,580896833
0,139995924
0,204866551
0,447683801
0,730556853
0,414784049
0,627487472
0,110237125
0,226725901
0,392012213
0,672591805
0,020063099
0,346413598
0,449797524
0,154584537
0,780828606
0,705267887
0,757862855
0,188198716
0,072934814
0,504775064
0,604392865
0,507745228
0,803286127
0,511229032
0,792547375
0,367099561
0,456670772
0,687070152
0,27895878
0,273217613
0,061222284
0,150505807
0,172422126
0,48406333
0,178655369
0,538177899
0,09561843
0,856862328
0,897505029
0,441261847
0,368571919
0,211497955
0,365835572
0,187326985
0,547382999
0,588082521
0,44360201
0,81403405
0,367372276
0,850577179
0,054849374
0,251071241
0,699224847
0,628268651
0,976503968
0,632250696
0,401580424
0,936454769
0,938009478
0,047684489
0,1708167
0,423166973
0,947767121
0,118794601
0,611369522
0,869557293
0,173991472
0,965734194
0,975929168
0,242650706
0,609649457
0,901000526
0,290693687
0,631672968
0,136203145
0,392894911
0,141909656
0,615959141
0,963846033
0,204464853
0,92349755
0,642636721
0,319697877
0,428381601
0,218368238
0,810151042
0,45128096
0,544153475
0,507559363
0,546404674
0,136597475
0,159163661
0,918852851
0,84982054
0,270445147
0,945404946
0,263730834
0,247040972
0,575957464
0,677825706
0,414091049
0,477867817
0,838104883
0,124721569
0,240927722
0,153848848
0,960377554
0,067551879
0,492065506
0,583609057
0,49034104
0,785621283
0,972608736
0,733544624
0,124186939
0,528179979
0,103469096
0,51938552
0,900426362
0,801218479
0,418276333
0,629837997
0,458174831
0,429524494
0,106053231
0,450485796
0,982147675
0,440873147
0,361227821
0,190798198
0,129164077
0,894868684
0,040001677
0,286020327
0,790373804
0,445629733
0,804531839
0,194976308
0,187453879
0,06451939
0,849773488
0,383729081
0,052087969
0,923950306
0,056063634
0,350976192
0,186554925
0,185308226
0,725633602
0,742265168
0,84193585
0,744345314
0,34661461
0,774738985
0,259549374
0,784253052
0,019692986
0,408580389
0,018668338
0,790441926
0,171701172
0,519504408
0,706324058
0,301267307
0,45444498
0,595472355
0,745619606
0,68658841
0,94317082
0,678557205
0,72364814
0,908492789
0,331931641
0,835906972
0,951444991
0,034547252
0,577750028
0,534224525
0,37346086
0,755077039
0,263930872
0,796839449
0,715239545
0,618962653
0,348862348
0,384818763
0,548254075
0,265262693
0,026470953
0,006120752
0,425936748
0,39595145
0,17630797
0,397011954
0,892818218
0,33026908
0,677405022
0,750820662
0,469505326
0,460591279
0,605356586
0,499966515
0,242137406
0,047076396
0,018617028
0,933443062
0,412413674
0,510707638
0,823293993
0,225002122
0,206503024
0,48546846
0,035119528
0,263591298
0,526511054
0,374861723
0,804264862
0,087361406
0,952404959
0,069626217
0,04721828
0,480356913
0,660117457
0,937050069
0,252620458
0,32769669
0,732184819
0,934919687
0,943088754
0,621175911
0,357142229
0,826929366
0,0647192
0,912869581
0,149720453
0,763964357
0,554702043
0,668163149
0,600345625
0,415419287
0,972405089
0,037546437
0,4419687
0,80146883
0,799617727
0,940468287
0,360831922
0,912716671
0,8705009
0,517956495
0,526004218
0,590043617
0,798415703
0,399879108
0,413372998
0,124999674
0,839849058
0,305087337
0,794455938
0,690920338
0,201258243
0,477493987
0,567618884
0,202118082
0,867859893
0,379573658
0,420749261
0,122249947
0,113870846
0,762546697
0,820159681
0,136101713
0,487015781
0,536985672
0,097221128
0,009671844
0,038388213
0,858648627
0,137432342
0,312152171
0,966864768
0,819468148
0,064418787
0,425132259
0,095171693
0,767098613
0,028513663
0,664840091
0,499496583
0,024720779
0,924115299
0,249614705
0,873707211
0,909425287
0,214161044
0,494911102
0,469927552
0,239850618
0,933608938
0,420044069
0,519719026
0,238581975
0,798845826
0,107954203
0,697796814
0,389902504
0,103027836
0,26143003
0,30265798
0,403701155
0,08661146
0,981200431
0,167654996
0,482303768
0,724055569
0,381790095
0,4130752
0,142486625
0,106946389
0,10076128
0,351059995
0,755909169
0,622753364
0,089150067
0,838431398
0,570544975
0,262394503
0,577590494
0,322824628
0,602310026
0,539744291
0,798537596
0,925039689
0,717388273
0,792433144
0,728282794
0,020622322
0,956464584
0,727335445
0,705269189
0,664070777
0,767083633
0,362182111
0,095795428
0,938109319
0,942914867
0,08195971
0,391403443
0,185369718
0,832370949
0,081835903
0,327440927
0,132904229
0,832847657
0,068984074
0,763809857
0,615828611
0,709695759
0,269522804
0,127251839
0,127508001
0,525437342
0,938605402
0,700347954
0,863956863
0,288073865
0,056160742
0,450266723
0,689870623
0,995772776
0,361167773
0,456610615
0,41515118
0,4016772
