0,295066119848702
0,0676269083571335
-0,200976238567225
-0,93068052853598
-0,901359548366075
0,0432615383053404
0,331718773027827
0,902007458784865
0,951928060088609
0,0857964382337652
-0,40604610677934
-0,67241247806193
0,412812759080374
0,606760821271712
0,61581249522598
-0,221296548611903
-0,646841915216834
-0,979758504206594
-0,568465158805115
0,983442886250902
0,997471117555525
0,0859962482135388
-0,158631690866155
0,00282321372984053
0,659548480264463
0,914146755985337
0,855812882439587
0,538085844887934
0,0603784591832339
-0,507386053246162
-0,792934400076762
0,47772315569915
0,578419333091352
0,00281687919387974
-0,916495865991685
-0,932860244352649
0,0881647932009988
0,847015953149039
0,885921615871251
0,543982613132381
-0,0476375867070724
-0,75470044298866
-0,974325938605729
-0,683107342397718
0,542579541017114
0,518922506969381
-0,846872629562889
-0,977057144989902
-0,999032308132793
-0,896382569285683
0,111108396030523
0,300967353615202
-0,106757750803527
-0,997527907911696
-0,999549432130466
0,565914504459267
0,999895158020043
0,767083143410693
-0,402075155362887
-0,990754641056701
-0,792993724312624
0,291025391526
0,915021097452704
0,971736593530471
0,744710380589548
0,424642601698344
-0,970517418923952
-0,983991880514013
0,0612555333360881
0,169695979138713
0,275364185335176
0,335536478691131
-0,988040052456565
-0,99171242665509
0,656232268221278
0,99457331595862
0,690167511778101
0,314027255315846
-0,443899607049524
-0,792656392034548
-0,742355580254993
0,221093626017979
0,607410839157464
0,492385016947846
-0,724247246351484
-0,402381027102489
0,180452818372636
0,865631815360628
0,959789752963251
0,991217130099197
0,809685423517545
-0,662112295655564
-0,664564777861787
0,784976932043033
0,999631540990835
0,846389106309534
0,69540443770603
0,120969682385562
-0,80480991884774
-0,974390415933414
-0,250532309063666
0,563140691259944
0,959113258881764
0,306726697206618
-0,716313029203383
-0,998676380039739
-0,615457328014855
0,985376217205221
0,978947024462171
-0,20942467270861
-0,212542666881791
0,0518290831895073
0,657764239770388
0,901297956712937
0,881393951052715
0,621257381636752
0,0803755299502884
-0,321770736080688
-0,529940612603511
0,826953140485344
0,833502294565756
-0,453521367730523
-0,999958426928304
-0,953164177378278
0,464750116763711
0,995954981063718
0,930985429008473
-0,245200785482252
-0,878908725096938
-0,933137104233788
-0,772598760891107
-0,412171167878556
0,955968286944345
0,979063548692281
0,0548034565249933
-0,115599750192067
-0,138951539703595
-0,0156358713550305
0,990785638712886
0,976267111713939
-0,498994883682619
-0,870430732091752
-0,850881635786396
-0,774735482815378
-0,0974095865807371
0,999700820981141
0,983955797696611
0,377704548604855
-0,989713879612627
-0,975750838654462
-0,115645844451548
0,517425679557262
0,406405002468608
-0,856103853992526
-0,687538798275275
-0,241621263725262
-0,0325622071922422
0,935390417952709
0,935395663617737
-0,0325024342588111
-0,24154398888101
-0,687380400701446
-0,856007054470546
0,406714119607009
0,517596507730166
-0,116072184910986
-0,975836989010151
-0,989791169268807
0,378007498842907
0,984018193867334
0,999682880147484
-0,0979888040851273
-0,775225135433742
-0,851184261031415
-0,869944893825873
-0,498356999090015
0,976061397822979
0,990691175144991
-0,0144328159260627
-0,138545034065963
-0,115134275434062
0,0562383552318644
0,978893074352082
0,95563985426357
-0,411065265112919
-0,771568135370004
-0,933644543553401
-0,879474393680386
-0,245937484505474
0,93030946691482
0,995971208020156
0,464868650662292
-0,952567719704346
-0,999952527167205
-0,454549244975517
0,834669826970099
0,828211522566009
-0,528056612856911
-0,320805865392748
0,0807177263925233
0,62291104544115
0,88166019095654
0,901613940286732
0,659281916135255
0,0516547719903675
-0,21196753511119
-0,206535440665887
0,979454298210322
0,985884306270059
-0,615571415279431
-0,998721079388666
-0,715207781435078
0,304831870824948
0,958504838609932
0,562092743148197
-0,248917514845959
-0,974183047551787
-0,802918945433048
0,122697538899924
0,697679344490657
0,847276412575765
0,999703303567638
0,784961620214641
-0,667325734435501
-0,664932811443523
0,809327356949779
0,990735796608763
0,960668834797556
0,866694795950293
0,1800166225482
-0,400731258885126
-0,721541351081672
0,496268072829071
0,609480493592794
0,216704961573854
-0,745346827189599
-0,794711504401888
-0,439623321245699
0,318649344218828
0,690643152508732
0,994200985116834
0,655184071743835
-0,992345506120464
-0,98870281521247
0,330783737517186
0,272553595048647
0,167038357001971
0,0558403194298532
-0,983381011671691
-0,969493709611033
0,420678206326258
0,740957142646442
0,972905440400745
0,916269979800868
0,292174854865987
-0,789967622113535
-0,990566597721942
-0,400377484912303
0,764398688114161
0,999911223077681
0,565984186310969
-0,999346417867757
-0,997805697029488
-0,112609816878638
0,302908772076622
0,115174868245678
-0,896628661523167
-0,998750693940122
-0,975690089646501
-0,846197825690952
0,524187066940688
0,547178994421948
-0,685084798958884
-0,974727994632142
-0,753745387635024
-0,0544413734825683
0,538042047935772
0,888596784190973
0,850178884079329
0,0937412501621357
-0,935347598151384
-0,918915428838182
-0,0040067831592748
0,582237837813944
0,484199540184032
-0,789368908049616
-0,502885476963071
0,063112074025608
0,544027299372651
0,856374378354762
0,914950581876993
0,663803471632937
0,00136706985010473
-0,158600392176356
0,0939632947709815
0,997106113700881
0,982074620618293
-0,565524296861384
-0,978481842403186
-0,647496655643003
-0,229441239108444
0,609032572283071
0,60974568806108
0,420663905318611
-0,666211942702623
-0,405571305265949
0,0805814871971276
0,951449624786319
0,898114328490422
0,324389857524709
0,0341804451768298
-0,899495973500237
-0,929506502743717
-0,209939729175838
0,0640859144741728
0,290304545842567
0,408319766869286
-0,952830227376743
-0,956616824164207
0,649967374122612
0,997975099516252
0,69263314828803
-0,159764487498471
-0,866778611189654
-0,538051976891166
-0,0774821918800637
0,865813377870911
0,480150091451768
-0,23170295440478
-0,956938110755763
-0,986328788644879
-0,531586562553664
-0,257938239562215
0,944573767971285
0,962058796672598
0,010670694335702
-0,152199692854512
-0,368812238181601
-0,517341731593083
0,915521518255031
0,917487462796934
-0,651817564797079
-0,995357246228769
-0,712106498998626
0,19510804387361
0,878081448912809
0,545557744318785
0,0851998945027797
-0,855465553559849
-0,470836138791245
0,216117526501367
0,96129681965271
0,965371665959329
0,421145086763238
0,117247703786925
-0,906113629870366
-0,939948347972382
-0,195147057804499
0,0681848808774463
0,238858148198128
0,292362820859885
-0,986581601137989
-0,990984880399305
0,650793002755207
0,999165003538283
0,664737463767466
0,106087379901951
-0,666984324912244
-0,631914230034516
-0,447778316059459
0,604653644455097
0,43326592006507
0,038586729200532
-0,932349210852067
-0,742759000961997
-0,0316671572032363
0,405451201073534
0,831780283544122
0,923296686016081
0,639788262957467
-0,050541619440972
-0,134800184658944
0,326406838286767
0,969760402085965
0,905938629782217
-0,36552136787523
-0,817810882594842
-0,815050071188356
-0,733851303662347
0,0152004137370758
0,95201170701904
0,930718946224428
0,119034860678037
-0,75848080415446
-0,730781350379239
0,529498454677572
0,324162598917866
-0,130008191740868
-0,888429991860424
-0,98379814452252
-0,983341370192968
-0,815838737183051
0,652527882067011
0,656959958187835
-0,772409131388816
-0,99693783441937
-0,806855601991379
-0,592504568451655
-0,0234763580010543
0,924901530813167
0,985137540418439
0,369819366408831
-0,718644237651581
-0,996626570372053
-0,488813170635768
0,901813161449837
0,995906286828894
0,502775794035941
-0,745872972703998
-0,73226167096026
0,703311624107566
0,503496046482485
0,168611514648026
-0,0255487773215921
-0,943592982969112
-0,931772062993438
0,113823132729338
0,350296611549211
0,861184367138463
0,934495201054791
-0,0494735597144438
-0,390564057137636
-0,428439403587241
0,701669609056137
0,749651318453152
0,207906520194665
-0,667914580567515
-0,761834135356121
-0,726720772100769
-0,13963544578533
0,77957749835366
0,972006005537583
0,631348288420056
-0,504906490681101
-0,469295987533053
0,85694914321827
0,97536900438174
0,992888119200209
0,889936054213783
-0,218379575053446
-0,346145328382401
0,301320347468341
0,996732578029751
0,963572914118086
-0,546384788535459
-0,996176525681533
-0,63564424418207
0,225867458388501
0,950955488647933
0,567728210437645
-0,285488065448164
-0,972589759150568
-0,950468703398806
-0,228139064085022
0,19565348423345
0,820830897509212
0,930981499221113
0,585440128383605
-0,0923071878303959
-0,118274462372387
0,486978135241085
0,944430097819932
0,842045375795866
-0,0802964954745203
-0,52061121816692
-0,985691153122456
-0,94053871807389
-0,323066139870185
0,90462983641227
0,998227799436305
0,487513122868162
-0,974968314322464
-0,999986785304105
-0,386240767045045
0,694502379177619
0,666591286819207
-0,728714395741779
-0,500158871787414
-0,0894329981031598
0,1973022474188
0,903213799955664
0,897956366649061
0,162979283788347
-0,121475083973305
-0,594580544682782
-0,814056444417634
0,497892244580263
0,5770473803023
-0,177130615004898
-0,982931015107992
-0,996156700925236
0,382041090823182
0,98335485371849
0,999618463362809
-0,0727635712130565
-0,746187970078451
-0,835973064213776
-0,907369058967802
-0,556715983500275
0,993426576114333
0,998269522786911
-0,152404921746422
-0,197458300521344
-0,197326265903849
-0,152048308812571
0,998245147822141
0,993372988682344
-0,556387770400632
-0,90701489920955
-0,836411819427459
-0,746915110158516
-0,0737384605582758
0,999566926251488
0,983493502249179
0,382807655212634
-0,996359852354961
-0,983210679813419
-0,179210371649485
0,578642955502397
0,500313584874165
-0,81284854317443
-0,592470844641258
-0,119283079846086
0,166711971894002
0,897368615931677
0,902722977294057
0,201338421071061
-0,0871952622593256
-0,497154824058508
-0,726048518192708
0,670350090677286
0,697464824428382
-0,389612690613273
-0,999996115400556
-0,973770653029948
0,488035138835035
0,998254662423226
0,902200110755654
-0,324888543886163
-0,9417292181674
-0,986721035091957
-0,514730019848306
-0,0734273313100344
0,840371743710195
0,944203231947791
0,492260381167375
-0,12029610032433
-0,0944725288588938
0,590384455777857
0,931172088742852
0,820028139117015
0,204159576612924
-0,221112750169024
-0,947572106736135
-0,97260234287312
-0,282607344129506
0,563812861932207
0,948982734957564
0,219268639499269
-0,632721182095841
-0,995692410950422
-0,54373600251912
0,960957454911607
0,996330515845504
0,310081773644214
-0,351206955906293
-0,226518556414985
0,889870851979315
0,99151681643984
0,972751645387175
0,855777974233613
-0,479051012351116
-0,513033999051284
0,636240786938346
0,972339759308338
0,776457990020159
-0,128039215888481
-0,717547126160829
-0,767146490446405
-0,677706291274602
0,195025774092461
0,756574890835787
0,711623713215309
-0,415335217853397
-0,392832262980338
-0,0600605757176811
0,932957914906344
0,853553877195687
0,33801453648253
0,0985326389788262
-0,928591242000255
-0,941046349292555
-0,041636400128431
0,159014229021075
0,492582243577553
0,693636309473749
-0,743733226306452
-0,755781732483294
0,510697610559369
0,995591323864508
0,895469372713848
-0,485033916434478
-0,996138642195082
-0,710210040614795
0,366405979274296
0,985144010519774
0,917851894605909
-0,03555398092645
-0,606661339556032
-0,810572204791729
-0,997855581548569
-0,77308609192316
0,670671276957386
0,66675845442711
-0,813492733695363
-0,979808499501439
-0,986686137587941
-0,891866599559213
-0,124067505728617
0,320278859839492
0,511799173628073
-0,745162129053901
-0,769762911257346
0,136738460740595
0,93668785259568
0,958194164718794
-0,00297546273440398
-0,747589009893102
-0,823231850777026
-0,804686185085225
-0,348722853527022
0,899286770241506
0,967886735902347
0,34597904787934
-0,138706402811797
-0,0568094450825959
0,652636992737781
0,925091307031113
0,832118871844626
0,426981710838465
-0,0173954722864943
-0,727756742818104
-0,928175591164492
0,0579455438402667
0,435913900324583
0,584252286906986
-0,470837021865135
-0,640864430668971
-0,647258238090161
0,131298283475354
0,663863581102049
0,998363984396675
0,646665597786135
-0,994228459799007
-0,99004394234855
0,266268309003383
0,227051829381261
0,0589975706540906
-0,222071660628551
-0,936395724531888
-0,900000581605429
0,0897624760374632
0,397439747636034
0,957367138852196
0,961380742019216
0,204776439943195
-0,462449543199031
-0,842624519346205
0,111614826569776
0,54737429430973
0,865038892270646
0,171259464447036
-0,704091455171041
-0,99628176064883
-0,654135083646086
0,929417085455908
0,927066663571651
-0,492309045960582
-0,350142014243193
-0,135759176513395
0,0428390862018401
0,95733968134512
0,937658438597587
-0,228838087573182
-0,505009067963377
-0,980372012788679
-0,957881787358965
-0,221012818112337
0,46923723548917
0,852066740967365
-0,107140021728933
-0,540149269366373
-0,85122435033502
-0,131912417108464
0,68461135460082
0,998755550346163
0,650232794735425
-0,966294878416214
-0,962011987324964
0,376783465383621
0,273192999534501
0,0511562897477743
-0,244300189973758
-0,925062571125791
-0,892427581012838
-0,00193766952995226
0,295305576585807
0,881472823265124
0,949119855634111
0,057897100901536
-0,404163118424183
-0,638847599543885
0,454516703505952
0,623140019943359
0,578277877484072
-0,266066105189754
-0,65096893340643
-0,9719472600568
-0,550918212376875
0,974987012741405
0,995137816046386
0,131650358547592
-0,159620162907177
-0,00649525018020298
0,684334619816726
0,919218876152025
0,859839775683866
0,573679549453161
0,0762053806280078
-0,479296316080446
-0,769261305672772
0,51923187638078
0,603384839579569
-0,0417205402870667
-0,93176078424091
-0,948666570361556
0,125415058736502
0,867866110280775
0,903950238122402
0,50181207650309
-0,0961654722139978
-0,748365950147551
-0,977439270679968
-0,696498860144947
0,57689796063273
0,557882163031925
-0,841307076051134
-0,96561263672656
-0,995857638946295
-0,89766796217211
0,144365149623346
0,317211503742992
-0,153867887063058
-0,99929406701615
-0,996775984023379
0,565781356778027
0,999992719484297
0,744380090703272
-0,386497285233112
-0,988906634647425
-0,765965486696744
0,300564766755859
0,925850996438366
0,981683216752936
0,708320081417945
0,385591803179241
-0,960068659199054
-0,977828173552884
0,00794468465444107
0,144452589065507
0,247369486239976
0,285511180377065
-0,994003344717785
-0,997097237925009
0,644213801213935
0,989768738848729
0,696651497609821
0,365170628156116
-0,395176349919264
-0,816643618450831
-0,775982224828486
0,16928335129955
0,633381093469812
0,539222376461676
-0,689509674023746
-0,382966459359003
0,173873377919841
0,878873506081195
0,970833510015636
0,983405824860456
0,803589834925458
-0,701425006590872
-0,70307631049709
0,784144165293405
0,999894473892035
0,860422723374539
0,728547654091398
0,146023288863978
-0,773899884033871
-0,970443745481344
-0,221927135065508
0,546096846540494
0,947488810388333
0,27158185877146
-0,696811212894471
-0,99944528110786
-0,615842839336953
0,993587781281001
0,987489912705252
-0,152107760920355
-0,203013144763992
0,0472459159910438
0,689360000693083
0,908479565168176
0,888392353335207
0,657348004031654
0,0860370514922918
-0,298946360121753
-0,480983786612206
0,858145903984747
0,862942919464114
-0,480720323394817
-0,999665120741991
-0,935040298915829
0,467581787001395
0,996374699906712
0,908594574009239
-0,268829381193921
-0,897389966752711
-0,94991442902101
-0,732561683263603
-0,367365028722986
0,941986725122238
0,97209756330702
0,115209974449632
-0,0976477880934078
-0,119868467131855
0,0458557382024686
0,985140238898554
0,96426784011596
-0,461403706808442
-0,839227450348098
-0,872163592858941
-0,806612566937557
-0,138046229142597
0,996199728243982
0,98844073581024
0,403228428369921
-0,996762869316526
-0,98432325330011
-0,169916802037324
0,550266995072239
0,460198544835738
-0,835614323534487
-0,645970555739897
-0,197549102573476
0,031339067065787
0,924039445487863
0,924071043594476
0,0316400119307689
-0,197192356724711
-0,645162663880935
-0,83506144807189
0,461731806757905
0,551183211061662
-0,171960127220399
-0,984647883720745
-0,996977317198065
0,404558228766968
0,988674496856087
0,99587823676814
-0,140732147416192
-0,808805408295479
-0,873677601460805
-0,836493324432239
-0,457918912816108
0,963058784736389
0,984590089202479
0,0518262172191029
-0,118223493909816
-0,0957301440678629
0,122277264300158
0,971205456566558
0,940213166600215
-0,361427170383019
-0,726998612933573
-0,952195654706702
-0,899806476672479
-0,271966990772017
0,90478133828249
0,996398205480093
0,46760112542692
-0,931606090300346
-0,999598226535966
-0,485239342864573
0,868369751833041
0,86375778175967
-0,471022277789362
-0,29476737302267
0,0869505783800673
0,664895548358548
0,890054290675585
0,910340084764147
0,696193801503859
0,0454784026616138
-0,201019270166583
-0,137510622356633
0,989301962474181
0,995166536341349
-0,615627883427166
-0,999609041290336
-0,691773030796935
0,261209660392834
0,943747417084304
0,541637346210627
-0,212859174515585
-0,969056970038932
-0,764089000955447
0,153589821442025
0,738866759022136
0,865176207082142
0,999571212233303
0,783292524479386
-0,716413679508142
-0,714993745477706
0,801003945637549
0,979870278996028
0,974681249281465
0,88333654774226
0,170337418841501
-0,375836137967203
-0,674722255966747
0,558043715704166
0,644307144456436
0,147487656683359
-0,789590396289217
-0,826848322989245
-0,373437065303798
0,387789552952186
0,700116341707172
0,986927929403957
0,637702901257425
-0,998676183087704
-0,996069926257917
0,260942613169478
0,234579232372193
0,132598051087636
-0,019160471042394
-0,974450021079084
-0,954317069827475
0,364342084460894
0,688281369387214
0,986280347434736
0,931033130772229
0,304540714830878
-0,750533438228984
-0,987571158440092
-0,376253641115324
0,731280811428883
0,999992473862521
0,564493785445542
-0,993897919590037
-0,99982326919839
-0,182087945380509
0,328679999421847
0,166122278700585
-0,897967474512603
-0,992588134627276
-0,956722673690357
-0,83671223895871
0,583914800015429
0,600073760404013
-0,704695029977678
-0,979723600358966
-0,745003759295581
-0,130519867873078
0,471262120905257
0,9164993634533
0,881680057027844
0,151594946402248
-0,95931621738315
-0,941906425545057
-0,0747271038776976
0,623370912215664
0,550845829268303
-0,749298527240704
-0,457928281800613
0,0874838152793879
0,601286945252725
0,86386563420906
0,92403068390605
0,703409946991496
-0,0163208789497488
-0,162050233883529
0,170451710292131
0,992655016177942
0,966430479067016
-0,533905771908916
-0,963617851630082
-0,656273535988509
-0,30659345234463
0,542612105684798
0,639647237972603
0,492844153173628
-0,605554124251166
-0,404396880297238
0,0294927868078024
0,945722134185488
0,85978337977563
0,259619737840706
-0,0477678231990411
-0,883816877405341
-0,91999079504734
-0,287770557726826
0,0362661380146034
0,251727889407437
0,333004260814835
-0,972784949450122
-0,977572643507202
0,649264281860891
0,999580953182348
0,674718204651486
-0,0907640999608357
-0,82681362819051
-0,545234459989356
-0,151806281780083
0,829664023234339
0,454545146740958
-0,202780778797231
-0,958794548121952
-0,968864182114359
-0,462068942799681
-0,180428994228368
0,926110050512089
0,949687825986737
0,095924230666347
-0,110255122962496
-0,319443451254841
-0,447153761245916
0,945076038766207
0,948217699431517
-0,656694393755045
-0,997820146218239
-0,691111298302651
0,125900617516217
0,83863241862173
0,553112069273938
0,162566463615066
-0,815815648728193
-0,448405104201015
0,180359092780243
0,960935672779697
0,938868838821111
0,348973133856749
0,0318410782006542
-0,887540432651976
-0,929606303783121
-0,278103032684409
0,041999489177015
0,20315671782799
0,207171214814879
-0,995822071448379
-0,998871938407857
0,635341406754777
0,99531019514703
0,664171141998588
0,191123638399535
-0,598188786898668
-0,664387476131612
-0,525917002136386
0,531853269449274
0,445461059355453
0,108536832804454
-0,915997524938858
-0,688360302734016
0,0181656993857511
0,482791789480741
0,834467603160301
0,931113616708128
0,685272042550154
-0,0776532654388689
-0,152338220358728
0,400227844835677
0,962827273803083
0,879849984196791
-0,296692913544535
-0,762647477710846
-0,84863016658173
-0,786829960287537
-0,0573414580369322
0,975298158667763
0,953251645990077
0,191465312947556
-0,806497685032632
-0,789911817062412
0,450380144697488
0,310559342967474
-0,100785733969651
-0,902333220840117
-0,994797006035235
-0,963886109507773
-0,802569122963536
0,718141948865133
0,720410325750326
-0,773748057784017
-0,999896648238371
-0,826856127700086
-0,659091412517882
-0,0804190813335661
0,886420089529006
0,984454995241751
0,348353344923021
-0,675147757956374
-0,993226565361305
-0,46492077424969
0,86615146143139
0,99449426408513
0,542845138942553
-0,800425718168548
-0,793887038223431
0,644970540047413
0,441987481779546
0,114589562832963
-0,121424864727171
-0,928503997008368
-0,912922004729878
0,0190382585302736
0,275334902790839
0,809914082203449
0,922640594264763
-0,121507457789524
-0,408465902196799
-0,338608991752384
0,766202932735989
0,796705608283251
0,118292969511412
-0,734156251121017
-0,800273491361639
-0,65629991731614
-0,0511390335179025
0,757808398093264
0,975584796135935
0,665118716101696
-0,570238714769696
-0,546248644475374
0,845529382784107
0,949866141818132
0,977258947153183
0,887006424295779
-0,291767820659991
-0,393037299416813
0,377232240937277
0,992593892016453
0,937008162346503
-0,518313777298266
-0,989924466945432
-0,610722300027693
0,157214360219908
0,928182644420441
0,530735673379359
-0,251623426714453
-0,97189141990564
-0,914714002069384
-0,14994978700795
0,293575091294124
0,813316769577669
0,935343765620038
0,641395451512956
-0,125295095446589
-0,147704524511785
0,554016885312205
0,942489928926778
0,821311695415929
0,0182058916270361
-0,434207859248904
-0,99738999386989
-0,956043888279972
-0,346181239079653
0,861196156451165
0,998293661913119
0,490861021894556
-0,949030164235025
-0,999471310740757
-0,445551690084906
0,754763945231382
0,74009036097306
-0,667849095670178
-0,43624438586384
-0,0390968789608522
0,296418526230571
0,891469223109082
0,885144394042717
0,264003541319646
-0,0632901674943174
-0,52696165678147
-0,767835621071381
0,584235337033383
0,635665733056374
-0,260473323029655
-0,992883536922699
-0,999844375664685
0,420324570112491
0,990213134689447
0,991118015882173
-0,141920282423548
-0,802847659141907
-0,871516396708621
-0,860112151488392
-0,499019427598157
0,978892051960881
0,991457058197098
-0,0463084888164069
-0,1509888021412
-0,150698148086023
-0,0454655320004269
0,991341820790737
0,978685547378158
-0,498084860188146
-0,859070634523044
-0,872539761387617
-0,80425779124054
-0,143890854525273
0,990548965813254
0,990400671039426
0,421647636317049
-0,999733002395439
-0,993246075005899
-0,264861650488274
0,639562587086564
0,589637150462414
-0,76437028663227
-0,522201056105099
-0,058877453024122
0,272386383802226
0,88412922066963
0,890705793800714
0,305389920823965
-0,0348274263883939
-0,429701826172261
-0,660565333744687
0,747978198074487
0,761486578992093
-0,452253495455444
-0,999325654496921
-0,94520917579169
0,49079919018963
0,998266999561855
0,854751690026712
-0,348934959803666
-0,958006039706947
-0,998363862521681
-0,420142173817221
0,0347313053061715
0,818151749695595
0,942577504078725
0,564712773525533
-0,154253469046315
-0,132206158034578
0,651150420484655
0,936506423230199
0,812648473358598
0,312752312735269
-0,134671346664811
-0,905973493118541
-0,971371906683839
-0,242685964246109
0,523168637650165
0,921893602202947
0,139837818882751
-0,60564437784515
-0,987735087321943
-0,509861536669247
0,929446845463274
0,991489429282777
0,395515537310879
-0,406801013134182
-0,312080434656174
0,885507031146816
0,971278742761496
0,9408296135411
0,841092147842377
-0,568770695870373
-0,589744156398703
0,673959910676038
0,976992691639097
0,752232982666396
-0,0224845667090601
-0,632431400668569
-0,81318339630995
-0,754045641711615
0,0890919001312642
0,812623818302881
0,78637789938688
-0,306716171416921
-0,416978418822869
-0,148447700393611
0,917325332598879
0,789773888965828
0,248063027420967
-0,0174639090074637
-0,9059415639847
-0,92315578811052
-0,158403941568501
0,0953919258530607
0,418068660245559
0,618735489297137
-0,817228658593049
-0,821938746239601
0,557590904904148
0,994103470445874
0,850208616027885
-0,452179797365324
-0,991032051122107
-0,65680418043846
0,336145074205004
0,983649039552706
0,86668785452835
-0,104705021101474
-0,688059106459915
-0,837492421648221
-0,999820714650581
-0,772219898129096
0,750519003913583
0,749017762362187
-0,793955460295665
-0,950931922962127
-0,998204954275514
-0,907733491145211
-0,0819762108401155
0,306408535146578
0,405784520144256
-0,818823686323495
-0,831560123030393
0,228870661933726
0,963266207432568
0,985156514824668
-0,0961243342434126
-0,813822565565621
-0,86785174417667
-0,727113824093287
-0,253098476484698
0,864441268830171
0,959508681068561
0,441462882967285
-0,167142454855311
-0,0978910593233839
0,710142929109256
0,937124154893607
0,838589175491538
0,528733840340794
0,0462072873682388
-0,652469706306334
-0,902686415006092
0,157179270260312
0,457196650638336
0,480024386194525
-0,576577166224888
-0,688495657587868
-0,547735322516298
0,250472384623311
0,667103152977536
0,990198961661745
0,620408283289424
-0,999906468215011
-0,999102357656961
0,144105070528236
0,181617228327535
0,0272345904833054
-0,337394549508088
-0,923119340534889
-0,874836345605538
-0,0340631984450825
0,294834878341967
0,913490713437234
0,959096018609552
0,14716578821465
-0,43493884588586
-0,779232697517825
0,226375288988927
0,563492716702584
0,801257009476823
0,0652900778347572
-0,67708842322834
-0,999378393192266
-0,656247598176859
0,968856447095307
0,964696225729847
-0,383204647364939
-0,281018051579287
-0,0786660340912103
0,169680187588986
0,93915172315856
0,909784743935404
-0,108463534026118
-0,399344085524485
-0,946879838544827
-0,958610545270733
-0,17004895610305
0,435755215707284
0,790181128348708
-0,223657336964811
-0,557119815213158
-0,782663856663013
-0,0206038684746015
0,661716996917736
0,999940239671237
0,643227965913567
-0,991510996001637
-0,986624573220823
0,254868650805955
0,219009213603254
0,014583979709636
-0,363254636077268
-0,91238114626748
-0,869998085217981
-0,132540230859135
0,195473939204633
0,81448447972437
0,936803275076944
-0,0306396607646443
-0,409667208991768
-0,534499390156163
0,56787720609408
0,675739889613012
0,465448804012689
-0,390466923185793
-0,671333497444503
-0,940907703025565
-0,491408162268012
0,944336588962916
0,986323316711235
0,253773753718577
-0,174159993994536
-0,0442770124180048
0,742937610230322
0,936664122927134
0,876470367005598
0,661864451284508
0,108210937333516
-0,408245160191054
-0,693344631058778
0,628379108370044
0,67571845360445
-0,157172851854733
-0,963761532571393
-0,981874763045043
0,217410365093372
0,914157387160386
0,947626763518279
0,383762215759725
-0,228417649015729
-0,739414077424534
-0,986835290726034
-0,723262734326645
0,669215184332933
0,660033162952514
-0,81884242841182
-0,922556411764589
-0,975609225394744
-0,895473843813003
0,241190441574948
0,371232485662944
-0,271809313244376
-0,999241092308693
-0,977961435924812
0,55459385133792
0,999311915134862
0,687491516045248
-0,333360611531136
-0,980859771728688
-0,693867946319088
0,313034452258981
0,947187511098573
0,997961563850225
0,604697878496821
0,273473063706701
-0,929080985689824
-0,96026850083389
-0,12988723594419
0,090399946212661
0,185386986278082
0,1505464173585
-0,999999869111901
-0,998421609379794
0,602287945829969
0,9682852271823
0,722252381653983
0,491267059374859
-0,268182805149618
-0,876125541120643
-0,849720999081336
0,0393824089320406
0,703934879874424
0,651906408272412
-0,589112360065071
-0,345054971815493
0,143528798297333
0,904236357600274
0,992060302770368
0,951101733287448
0,77942035146016
-0,793373486100793
-0,793761713254878
0,773159263311708
0,991781077152648
0,898205183850986
0,79932753604156
0,19562351566222
-0,693593591203566
-0,955544501084125
-0,138168250089243
0,514478485532235
0,908353051037484
0,17245777878476
-0,656111238343342
-0,999687018449042
-0,605432576983621
0,999616802067052
0,998711210827283
-0,00985014764258413
-0,193603419956101
0,0214081146881856
0,754548579188416
0,93018878797305
0,910530359876933
0,733033043019095
0,0852760703871133
-0,25598692119001
-0,352045566558846
0,920195879389386
0,925037592005242
-0,533702035961929
-0,998651546139634
-0,882504491304353
0,461091871249308
0,996071133909633
0,84533536352791
-0,311701650481136
-0,931641269533472
-0,98207203250864
-0,625531276704975
-0,248234857576066
0,905697843789427
0,955449859870151
0,254782003130173
-0,0693628904553456
-0,0889908775114862
0,189080943660459
0,969600253301893
0,929776624789417
-0,358828821415585
-0,751131676321241
-0,920727716620026
-0,86875064343155
-0,221255243283847
0,972566393065727
0,994762526700566
0,449397731922051
-0,997705344812871
-0,996204212001653
-0,287070683832809
0,633282084952387
0,583398727946934
-0,775188021373836
-0,548043495652297
-0,104987613277139
0,179824914033256
0,900561321689896
0,900642292996612
0,180353757782188
-0,104493602557601
-0,546586307059216
-0,773874895064428
0,586007396423293
0,6351039768738
-0,290301796333639
-0,996442418610044
-0,997366791671366
0,451018665079205
0,994955851642888
0,971055162989332
-0,225135945040167
-0,871679415547481
-0,923214320234362
-0,745023653212399
-0,351371349725775
0,927128114990973
0,968528074978078
0,199305238321562
-0,0877222810401797
-0,0676932569459733
0,266682380848211
0,953965072675146
0,902336980111631
-0,236026436134865
-0,614131376089006
-0,984682635554282
-0,934502916335823
-0,315028689471649
0,837118856851032
0,995879340312949
0,458715017280567
-0,874943620576506
-0,998567155353768
-0,539266481787021
0,932552346086955
0,927392135239802
-0,332306008557624
-0,251402182376676
0,0835626966495133
0,743638664466243
0,914552789102947
0,93430465139697
0,76381569253587
0,0145163832238794
-0,193786714129732
0,0162151592779912
0,999488611163781
0,99855553211011
-0,601723825334101
-0,99925824531924
-0,649617447442211
0,15030359563125
0,898189267296453
0,510080100943064
-0,117900139847845
-0,95114426805189
-0,675451846579804
0,204596081631943
0,813587773574501
0,907277352512402
0,987561258066069
0,768280825017382
-0,814754029480514
-0,814531414552904
0,771185393795506
0,939583812840846
0,995673682183854
0,909170016757026
0,131536365866981
-0,337337916211029
-0,55756065154262
0,682165562953644
0,724935508294684
0,00202223735980476
-0,868452088093223
-0,892899384109995
-0,228936054209113
0,528661821050763
0,732596216928918
0,958171043630056
0,585003091801809
-0,995155424938515
-0,999467081400869
0,104282823101399
0,168323369552708
0,07556996913167
-0,177261174228215
-0,953998548700582
-0,91745390400045
0,229927813154703
0,564592012846297
0,999894195113744
0,952832138698072
0,312743119678837
-0,666457136393507
-0,976081574631207
-0,307570339925609
0,66669666964374
0,998273951121321
0,545346759017272
-0,965912896958464
-0,997848446109562
-0,317017137059327
0,398524188764356
0,285121202506085
-0,892078173493702
-0,961281064239299
-0,897847114759211
-0,804961301984166
0,703729071824536
0,709733703782744
-0,731284508627564
-0,991056831251081
-0,739640879091087
-0,289642225906308
0,327240408589508
0,964876056964285
0,931380284611767
0,256535649148239
-0,992251101401113
-0,974886122297745
-0,210389391977799
0,713561247769158
0,680032352345454
-0,648307154781609
-0,376097106870091
0,11824014026931
0,702352356030996
0,88802348255554
0,94748016505327
0,768498097044118
-0,0722936264566955
-0,189231910305688
0,317413750840137
0,9807583619234
0,923754940167278
-0,450919355885533
-0,916516911254984
-0,688769432899547
-0,460153537990885
0,395910963039281
0,71041188205936
0,630690399116034
-0,466374436640224
-0,420947362334459
-0,0903661755728669
0,925642666706905
0,768165019834992
0,1373893605816
-0,214181173047423
-0,858958328837013
-0,907656803202344
-0,433821152374546
7,34415874041723E-05
0,191310406755837
0,170801621285125
-0,995603545100529
-0,998978237660636
0,631412174232169
0,998196330583538
0,653220092136486
0,0603022837039673
-0,726554280754114
-0,577020475270838
-0,306738709247216
0,737643749035881
0,420839905708975
-0,124516179412526
-0,956252167050447
-0,91294668804751
-0,322584663133111
-0,0157486789659893
0,890041882851084
0,92742456539123
0,261137578851177
-0,0456783745748034
-0,236255854092309
-0,292794667270611
0,983772585850254
0,988487445817917
-0,649584616619294
-0,999893214509025
-0,663702641037795
-0,0249472709121599
0,739857512634866
0,585899478883282
0,320696535316084
-0,717103158378372
-0,423045876353146
0,0892536163593397
0,953688364385878
0,866692619939209
0,212083160182034
-0,140234609977446
-0,857198724788873
-0,915912294087173
-0,42855964530338
0,0125191754855013
0,153430199995213
0,0346118430018357
-0,999332818682976
-0,993189273087137
0,586612803537338
0,975115234877828
0,680059774929964
0,357249253782048
-0,449785698710638
-0,737621117759311
-0,665534705587642
0,376222208029444
0,488889470957514
0,25597771592648
-0,869758700166792
-0,58147466236557
0,0945419150346691
0,615561308905718
0,852092625412942
0,952213470545549
0,754154073260936
-0,151756060799121
-0,208596100621303
0,52445188008805
0,954576249865729
0,831923817804936
-0,146594540673531
-0,63691891621001
-0,911569436706615
-0,867867570488028
-0,180369953810706
0,998882538394962
0,981123358104292
0,312593696172394
-0,890543091759403
-0,882020150235636
0,28542993199867
0,307247219061653
-0,0220677042395898
-0,917441201382768
-0,998224212535026
-0,90341531179286
-0,761237813571031
0,829688536236588
0,829913728232992
-0,760603132341306
-0,992269317181622
-0,87321937663896
-0,764759729088278
-0,167790410837225
0,798054670418967
0,978331814653932
0,284587179584743
-0,602012901334677
-0,979257611281675
-0,397421395966853
0,794753411251218
0,994216837771319
0,597520298648882
-0,891378333993127
-0,88898409779364
0,513035428373002
0,337478749610268
0,0334697072458761
-0,296017786585976
-0,905567942514645
-0,882340122083913
-0,162016141568723
0,145701076499464
0,700522690932381
0,88727262984431
-0,269970168715959
-0,463647405533193
-0,163647209803016
0,864542924821975
0,880259254258295
-0,0406143111765408
-0,835475599536791
-0,873325236061871
-0,507841203782676
0,124072556096562
0,731976935857209
0,9861161015434
0,707954335618252
-0,693264659672718
-0,684528482152599
0,808719217575598
0,87710500325486
0,922797055117915
0,868929799323166
-0,43738080457883
-0,496378172033351
0,49672699815004
0,985080076822668
0,876755839582004
-0,443127887821158
-0,965247307627834
-0,583919485869871
0,010650488797136
0,866077497843892
0,481365994513436
-0,164321181209066
-0,963825542604661
-0,828060605960118
-0,0215538686289326
0,462603838456148
0,814971244626878
0,951462932004061
0,72175168147712
-0,209886888217878
-0,22614892698676
0,653979964000531
0,947844100587652
0,796186205518769
0,202972924177941
-0,27431436290056
-0,99367246051354
-0,973058858127864
-0,363028854360996
0,77148392779024
0,996498619024101
0,473003848707224
-0,884594325482285
-0,997185338787966
-0,529771639373971
0,856287274980644
0,852388534483705
-0,53287006378279
-0,334246311344819
0,0274595463118299
0,461691090681407
0,881770651004368
0,873649385675261
0,4344058582587
0,0185574938673045
-0,413095414211458
-0,659654101845798
0,727037286464545
0,745390372645595
-0,389518432012915
-0,999714684588745
-0,978993489088945
0,464069398380538
0,995986291476254
0,948528082160714
-0,242751421975045
-0,880551168095551
-0,932787506051048
-0,748668318008735
-0,37039901174606
0,938262788996903
0,971840278293078
0,143858272356502
-0,0931834160472148
-0,0927838972670113
0,145147508344684
0,971575994503604
0,937813131355158
-0,368469677400551
-0,746469879369781
-0,93416178306101
-0,882014416960868
-0,244897497591293
0,946471729735802
0,996060134725191
0,464842291241239
-0,977267568721339
-0,999789138291189
-0,394900974167953
0,751445176522621
0,734275440836027
-0,652289508629705
-0,406667491770133
0,0232542107968335
0,446013578455739
0,873308832415523
0,881870007474936
0,473867139209748
0,0312385875547338
-0,325982862550677
-0,518584967427688
0,861695905653684
0,865268701581052
-0,536993363155587
-0,996970298928076
-0,876673245807714
0,469274176662302
0,996073119941904
0,760405112504284
-0,363125909991138
-0,974480600891028
-0,990627127502483
-0,252712247924962
0,228870619883517
0,793985766658747
0,949638839198022
0,666160310193122
-0,24112083379102
-0,225466477122397
0,7322953295922
0,95475893269078
0,817428024169715
0,489280754009087
-0,00191823685359441
-0,810075927518111
-0,96113838884607
-0,144244486836272
0,474804916703024
0,850476054632232
-0,0211842964264703
-0,581525779073975
-0,95739601562527
-0,423263267165442
0,862813720616712
0,98396878694534
0,518783716024043
-0,521966402935709
-0,470929864964425
0,862367546814465
0,905367493208647
0,854907323748919
0,796213868308054
-0,716641924991544
-0,72286350586419
0,71507562181833
0,98907449758032
0,729050102696992
0,171163493363495
-0,465568643015025
-0,892440715997702
-0,85797722699331
-0,0816078183857837
0,901710071772581
0,886994903786041
-0,11280376675916
-0,485120431424196
-0,316227239120205
0,872712756675094
0,665235288794272
0,109244186390393
-0,218437285400017
-0,874710325561444
-0,900650854720452
-0,349391797664575
0,0135840322643173
0,306846805592228
0,462265136312693
-0,914615691508134
-0,917437632490196
0,610521793507611
0,994898480254674
0,769931364790813
-0,366168486492657
-0,970725986141716
-0,579770612333776
0,253491758262665
0,974015117368684
0,76117152319604
-0,19388196207603
-0,798419610548103
-0,892808583952811
-0,982911432737396
-0,749141506812856
0,868180195771693
0,868157472990048
-0,737734433060625
-0,869370434459896
-0,991360196646462
-0,919643440137424
0,0206049141271801
0,314848563031736
0,209787238813473
-0,913395343708888
-0,922066195048668
0,358620145436456
0,988501798603486
0,999436527094526
-0,228810543195573
-0,896642270691774
-0,937736518745573
-0,570083303837723
-0,0683304524758144
0,811835182893361
0,953821049802433
0,5752588150215
-0,246781519705154
-0,197992685688531
0,779913342028541
0,964263522013107
0,866741696752403
0,673402251723236
0,122395867997317
-0,527681388944044
-0,836268038282792
0,33786348645301
0,52148618590143
0,287321201841894
-0,732095954883608
-0,780488878409736
-0,362611448127135
0,44642809921626
0,69798016399595
0,954167141842442
0,547341238521532
-0,978901637299783
-0,995010054857932
-0,0649795147243564
0,138059561212974
0,00884272852942812
-0,50782610713615
-0,912924456993532
-0,84502512722068
-0,242882434330579
0,135670382631004
0,811400252282458
0,944057629092048
0,0194788573954123
-0,420428812151346
-0,641001707842875
0,421029099276215
0,617888204077439
0,662254834699314
-0,129627207957808
-0,657005551421154
-0,996667525120657
-0,632175629765462
0,999225774077404
0,996216049476621
-0,181371274112275
-0,193808073422853
-0,0170504510585614
0,367172070410456
0,916207259706535
0,868904475582602
0,102791447996153
-0,228741180280711
-0,858031522008981
-0,948866456304116
-0,0522555352461629
0,412049613830529
0,654359446875999
-0,420301817077711
-0,61355003925975
-0,636190938086841
0,179563961821516
0,650781532844801
0,989810491853833
0,602581734915589
-0,996940087622992
-0,99999917192167
0,0418656073680502
0,162763488982682
-0,00903173888837663
-0,534296813910047
-0,905764353533332
-0,848386800099772
-0,34120936176496
0,0527049471292864
0,685502584552253
0,898845538950135
-0,200850097145428
-0,452564434011895
-0,339790490783954
0,730900069145699
0,774803030196326
0,266731067569577
-0,579824331970679
-0,729239275186272
-0,856487288427988
-0,36021764306325
0,880614536954747
0,971183378132335
0,429664854316792
-0,234717371189225
-0,141643524779901
0,809043359915656
0,969857120732299
0,91671547105661
0,772806996212609
0,122415745386709
-0,318451646743187
-0,535451505364847
0,782659517002339
0,796294920383687
-0,318977189028623
-0,991225825225551
-0,999577130276205
0,334348907037549
0,961518187572712
0,993053112721094
0,190359344289474
-0,436058180065315
-0,751162724439036
-0,998975010001031
-0,73904786444338
0,808668112447737
0,807504662796125
-0,755994438001339
-0,815285808266882
-0,904156225524783
-0,873339309828872
0,415704377802363
0,486686282360795
-0,434290236738376
-0,99181846660455
-0,919088195891948
0,50258739406191
0,990147428187305
0,613289951051273
-0,211041840521229
-0,952837078056848
-0,584583858123911
0,294733971223149
0,964969348548941
0,988048897214308
0,421189535914274
0,0673736232944108
-0,877172741587055
-0,935071555135673
-0,338854110097124
0,0414482237564651
0,121656219383718
-0,0728875699108059
-0,989229130398412
-0,968116341277433
0,500091913742803
0,89996210318514
0,785834337802688
0,668659264025363
-0,06947769562252
-0,955032308015144
-0,931728548228552
-0,1515239388605
0,819954469884325
0,803665164904083
-0,396936979877544
-0,321800522425616
0,0550797810256185
0,924581019671481
0,996764947396402
0,859465361939375
0,711418494935915
-0,910000820585935
-0,910060991957959
0,727586455372518
0,945303565402069
0,956696007072508
0,878398230791734
0,234592928236587
-0,567705701823297
-0,910943486714943
0,0288388294836346
0,499132132750643
0,810384728599638
-0,0158602466557623
-0,6194547801824
-0,988000877333879
-0,554314425542489
0,971273486550549
0,995999253561525
0,207361631714555
-0,220446641481786
-0,0609564447675819
0,82496885905488
0,96892285332279
0,95326146358942
0,818186898350445
0,04132644949783
-0,227929898218999
-0,129204933700756
0,979480146838904
0,987227871130706
-0,580789872691546
-0,998749425225512
-0,785779369916774
0,411917021087181
0,990566283378201
0,730212008031677
-0,338482793645095
-0,962429859173374
-0,999532303219222
-0,435530491029169
-0,0335872292710998
0,851032328706501
0,936710297637331
0,450529160762404
-0,0682967659002253
-0,0837855114344166
0,394292336595623
0,947697906385513
0,869793306705457
-0,16340796008599
-0,578730203168726
-0,979931095057975
-0,932570749286664
-0,312379586251686
0,896610542177459
0,99774511492502
0,482318858414127
-0,957185264262357
-0,999860594362429
-0,43583592986617
0,768892336491644
0,755752985850578
-0,641713479700749
-0,405123964399741
0,004243878816562
0,398163458916472
0,879152911604959
0,879324067268449
0,398818419116831
0,00455406338639426
-0,403247778760252
-0,639039966881188
0,758816899480574
0,771501960885203
-0,439310505204137
-0,999813553271586
-0,955277868072491
0,482943190781419
0,997789439987135
0,892768617765629
-0,315678423012909
-0,934906053145686
-0,982012488830055
-0,567964995144352
-0,150485161065413
0,866039823361915
0,946773684815754
0,406751811959441
-0,0858957380325249
-0,0700172573796977
0,464689141511621
0,935714748095276
0,847197173772068
-0,0137591822405457
-0,417667258689124
-0,998599389205765
-0,964184679227559
-0,337994701269006
0,717411950870393
0,98930387642326
0,402930043521714
-0,774038095584912
-0,998951571817713
-0,583222584183056
0,991528465222208
0,983949476563581
-0,0990473079142104
-0,228477206940827
0,0313718534225343
0,827467870808929
0,959393169824106
0,974403434210744
0,832389531793545
-0,078807254378877
-0,229151493382645
0,241338534584844
0,994028918120272
0,96260512579856
-0,541103901236597
-0,983407693335452
-0,61732083388632
-0,0537313016306177
0,786669171028679
0,501716326625739
0,065351230963649
-0,898195481049757
-0,544326214110817
0,236757056112232
0,890538264202957
0,967188437964448
0,928686481829069
0,712116083488919
-0,930223148578104
-0,930069065556605
0,690164988895904
0,831057536099782
0,991146803588771
0,926165482919075
0,0256423925946544
-0,323162047341486
-0,343146583854231
0,835866193010495
0,848303013617397
-0,19703886576431
-0,946901121133201
-0,970626621800426
-0,0178334187042259
0,711291343292169
0,807072297134917
0,87158419341838
0,461813843268903
-0,953423990427283
-0,983369360948952
-0,138353192616543
0,11223545839806
0,0359502660630571
-0,398560391166862
-0,929449315388615
-0,862705630932374
-0,00305930753752388
0,360414494471587
0,973879714242057
0,967308523339384
0,277410547618409
-0,551802203775982
-0,936884944552182
-0,157970834614636
0,594208650261949
0,982376149616653
0,472963805012219
-0,891720807426153
-0,988977751051208
-0,483776268503079
0,536773819695521
0,483650906081088
-0,858194111696685
-0,864438397304459
-0,762289907517108
-0,720822271446043
0,856494768694366
0,856741983951437
-0,736249745272657
-0,999907388820741
-0,765357465430571
-0,515217606905596
0,113430294911876
0,999670888578175
0,97333847558477
0,370881082218761
-0,992200973740095
-0,996368188112204
-0,377597571121966
0,846684842210506
0,838958838231975
-0,451783524942557
-0,29101761764333
0,113233963553244
0,811133399323023
0,937984233251169
0,983998997381152
0,828738414695695
-0,202850218506661
-0,278888387609742
0,502247399351094
0,966091707503287
0,847925977064428
-0,280053083258711
-0,797453801754201
-0,767691355452409
-0,664438004209467
0,163964455315218
0,827641579687242
0,800609036037222
-0,231137246417331
-0,491404230868375
-0,299633858118382
0,866851298349141
0,612081287586824
-0,0106168741974584
-0,44707188858599
-0,846380389098578
-0,91076835590106
-0,613376332927474
-0,0012403702454205
0,150350486592881
-0,0807587774854897
-0,996622292889274
-0,981578773598389
0,561485210416437
0,972176881257072
0,661191610040863
0,301849447107815
-0,531649525634552
-0,662251149071011
-0,534729109057643
0,552318154114864
0,418671956847197
0,0393015687614707
-0,934539897183226
-0,785597639787547
-0,130298353581245
0,237666056591952
0,850834960550954
0,909841223628685
0,479819501218374
-0,00126943429529995
-0,158182256147339
-0,0406921374405351
0,99984405490854
0,99541339195965
-0,596103766167688
-0,98369345606775
-0,663014915032848
-0,268577845074783
0,546196405027339
0,672591029612314
0,549964818415178
-0,522461604302329
-0,435080231474284
-0,0913687152161796
0,92228927791353
0,723204083338872
0,0371359761373731
-0,38693684016451
-0,836652491563364
-0,916948119288494
-0,6104247896891
0,0244565149267667
0,133494580655993
-0,21612770417994
-0,983001701137852
-0,943759218232872
0,466220564367223
0,902137676101677
0,741053532113631
0,584501128438553
-0,212964599378051
-0,854352325889993
-0,828572317018163
0,12966125360036
0,594134696832444
0,484421865384995
-0,757389492821766
-0,438815766782835
0,153875381106746
0,764054247646092
0,901513396891228
0,986215347810641
0,814147792068891
-0,306829865174485
-0,339901295510875
0,659570724632543
0,958756634844527
0,781310743443219
0,103507008001288
-0,41902312652315
-0,98143558792535
-0,941721951876613
-0,313890350513616
0,976981811366762
0,997034242442934
0,441941991886259
-0,976763567314039
-0,965353265965909
0,0292676082561443
0,357026767506273
0,143039337279148
-0,915734706306026
-0,950146030390174
-0,760304093990902
-0,656172644930235
0,946369332420536
0,946800794065829
-0,701018842354855
-0,9355518510659
-0,945626279327949
-0,87047360049016
-0,241738436565087
0,6513669346261
0,951662553620561
0,137165072779363
-0,530673826572909
-0,928252431229367
-0,245247212615462
0,699811843865335
0,998627908776137
0,629567033433352
-0,978997456771654
-0,973312665024525
0,276258074977325
0,225774192371537
-0,0299547526196837
-0,519256294976563
-0,894193073737496
-0,860477114585682
-0,412174431704452
-0,00281806620759034
0,530633610852583
0,794979625900505
-0,499694440355841
-0,586023417206331
0,0860275140488341
0,954490800757077
0,970958698385329
-0,235918738584848
-0,931097371119031
-0,962074345827121
-0,270827644892536
0,382363776124873
0,734586556491833
0,99950985467327
0,72657477064019
-0,853781495631243
-0,853375879256452
0,711656799087873
0,718809531622708
0,787130888417601
0,807393826561636
-0,650162251110666
-0,66784202936377
0,61826874801863
0,982569819211862
0,784044800778808
-0,279142608736814
-0,885019471701303
-0,594274409612257
-0,233631803905298
0,721436810880482
0,461265270156873
0,0156546596004864
-0,930104065681053
-0,673022602757356
0,116444694625553
0,665548242045491
0,851368979791525
0,983111683069794
0,790816868888262
-0,378461703044486
-0,387022210318836
0,747715583534324
0,971530633412826
0,796254750852293
0,457576109998506
-0,0610094755037698
-0,926749490573595
-0,980176327949026
-0,328520428468775
0,640335255030252
0,983570584283303
0,390850929268603
-0,773293095933614
-0,997272346078023
-0,597654184868688
0,962841609425227
0,957038007712417
-0,290768577450559
-0,233830253149206
0,0620675356497226
0,652802631393292
0,897037638743458
0,887310242094957
0,635232754233524
0,0765369574839306
-0,286584284019815
-0,448575438465043
0,884444698846991
0,888313619426217
-0,520744111700613
-0,998483627286062
-0,897007423663485
0,469970610590573
0,996752398084968
0,837656338473839
-0,329206045220964
-0,945342640777692
-0,992281077778088
-0,539800307789088
-0,135346226082795
0,868451394241966
0,944553828688781
0,393166471324717
-0,0731554195877614
-0,0727344467616877
0,394678788740392
0,944245373561258
0,867923000754115
-0,132011171835579
-0,536091015985212
-0,993005381677182
-0,946217208524417
-0,33015031669868
0,833337608418741
0,996630309701909
0,468475039937822
-0,892522955791688
-0,998409988150232
-0,524918143564391
0,894646210149717
0,890762435760331
-0,435187189464506
-0,281261128582587
0,0781501783775724
0,646785854982158
0,889332528657312
0,899621643573091
0,664514898245481
0,0611220303465341
-0,227988807912599
-0,267395597158375
0,963215494815557
0,969366567207574
-0,601304350311406
-0,997546261342063
-0,762152692750791
0,378467251419622
0,980840552608605
0,627117128699254
-0,320326279545899
-0,98006134662306
-0,913948552032239
-0,0364718154161972
0,48833807101186
0,799394772799554
0,97554391628833
0,756086879898577
-0,413978158881972
-0,40617146236214
0,797110690489641
0,987382600345201
0,860315163920135
0,692070191545018
0,132293036096668
-0,645651628233116
-0,920522064454873
0,0529662303555776
0,464105291717791
0,687819195846735
-0,280865648099759
-0,602381737170608
-0,862145252595234
-0,239591390380696
0,767232818205744
0,983760543691819
0,635227964443696
-0,704164860365384
-0,691785043929262
0,787871817256772
0,750501827555085
0,677063316031048
0,681257322191854
-0,884078971121653
-0,884325068781496
0,723949254836399
0,999953422614908
0,742889452333481
0,442189450959564
-0,212224582050649
-0,977656200547428
-0,946623678700697
-0,276928807803623
0,985388557250051
0,968701449205574
0,147872232340794
-0,625882738285471
-0,561324585731062
0,758888840080033
0,485051955227724
-0,0347523300905643
-0,478005147417056
-0,860458343794689
-0,897098287011835
-0,575638343261853
-0,0348554087926679
0,203169288796126
0,194723830899551
-0,987128263875651
-0,992727945044553
0,628369984377882
0,999799911923288
0,675649252703586
-0,181597247617705
-0,899763703547653
-0,519209831385219
0,0731787868222816
0,934986430386387
0,601262809606734
-0,252181836682828
-0,895773667616585
-0,967585211096815
-0,898362865772974
-0,665179819609313
0,973715923648674
0,97295821937535
-0,60118908809909
-0,691705270572583
-0,913055779806928
-0,90707268909156
0,221532698106274
0,393379474556505
-0,0713322835688924
-0,983321328503127
-0,994116211242668
0,477737591456638
0,998918360848583
0,948659742643884
-0,351962519741918
-0,960037740718153
-0,996359651670651
-0,319391878666457
0,21701238195616
0,770479989930812
0,96655333149551
0,701206741767667
-0,414555096326637
-0,390451735505171
0,827325882883182
0,996677708168995
0,929390956404589
0,813658214884913
0,15809710853792
-0,383901386803412
-0,68165689331241
0,590792889839815
0,657714463441815
0,0100999127478473
-0,887073005202322
-0,907201361526783
-0,0953001341803599
0,683160887080203
0,784828865233503
0,840320917507567
0,380094007957946
-0,906222653956631
-0,971650172409349
-0,336150818690754
0,150602243752842
0,0579130587875814
-0,685342278798902
-0,928153141030063
-0,840845416003532
-0,507911441728675
-0,0378153308203988
0,633822124522666
0,889140800913578
-0,212279834502336
-0,467878505677729
-0,390143666723429
0,668122594663158
0,737016476123284
0,413633084601037
-0,411545378600334
-0,68533922395968
-0,954482926317716
-0,53725058810598
0,972494651676823
0,993387372936622
0,1137001247815
-0,141760017265859
-0,00620447078230602
0,591421860885986
0,911906966199436
0,841791475471409
0,389352363255183
-0,0287906877362484
-0,686295457543057
-0,904619871947782
0,170516553745366
0,448585328905342
0,404768255976381
-0,669499865895856
-0,735834391674849
-0,379867640195315
0,460893410504556
0,693017930626744
0,928142008415903
0,481277105592002
-0,942833516214806
-0,984899691023265
-0,24618170653633
0,159983944073545
0,0359304883436472
-0,707746982038545
-0,927978696960414
-0,858299460254744
-0,588643407690755
-0,0829537649492986
0,500230540264147
0,794474258964873
-0,462201395923061
-0,572425369449443
-0,0517364271435077
0,890935543773302
0,908099042600578
-0,00338119165606157
-0,786459741366136
-0,840811737602077
-0,667269841258818
-0,114953327960473
0,794756526349597
0,964381546389459
0,609460259206876
-0,385038826360324
-0,336905335233511
0,849094130899696
0,999587194058151
0,976543012834568
0,864212430890883
0,0630415230654647
-0,262878541121161
-0,260942470635324
0,927744290158339
0,934508633065592
-0,476022705733859
-0,999942852392623
-0,946774344387945
0,423614373860267
0,988136196079597
0,982697360042799
-0,047000469300098
-0,677029462854413
-0,815144089160281
-0,984024691191231
-0,705438916769168
0,948108620173485
0,947042086893957
-0,604853030376667
-0,608901465790713
-0,73501803451706
-0,795704488592783
0,659433158016973
0,67779243962738
-0,589980503528762
-0,985110533718752
-0,810640393335149
0,359042466430537
0,939417803547026
0,566785913029549
0,0233199875371339
-0,863807233928544
-0,476854915071574
0,191511716943334
0,965741796111409
0,894896624797825
0,17137152376638
-0,237674519026151
-0,828328738255975
-0,924224517391926
-0,572593106930983
0,0559361706232436
0,114345909050815
-0,357091362141625
-0,960810791512364
-0,889082858237854
0,287891442284691
0,729376724217764
0,894348103625943
0,843390965555038
0,161326288418622
-0,999993412275834
-0,984586220129308
-0,354585325445325
0,949070481814108
0,938109120511073
-0,0980552992248832
-0,368346614873432
-0,138497367625989
0,919082568399746
0,925610159403089
0,662084459600995
0,549640752166228
-0,992093973785831
-0,992572239275839
0,600429781556204
0,802722459845884
0,999697821134404
0,93280132635278
0,20579062355513
-0,432355335473943
-0,789054182959393
0,302280360532483
0,550307122326798
0,600270375337956
-0,307793735981062
-0,634565470379849
-0,922597134356749
-0,411103942004117
0,882499318688053
0,978454661139798
0,455142133215177
-0,335716298936801
-0,246093544915555
0,866840620432421
0,999914637907696
0,997020884540471
0,87640785960866
-0,0998822366397421
-0,272685505176891
0,174084136201328
0,99985730545839
0,988918941360214
-0,57428639606335
-0,999283190291057
-0,663381408413037
0,266291299689572
0,95957520645338
0,581021279141099
-0,293133537901867
-0,974702329727376
-0,940542511904929
-0,17383025429809
0,278222195751743
0,808387428684915
0,93914480779592
0,648886140964306
-0,152561994177922
-0,162596699486191
0,6090906127765
0,940974941479839
0,808507329265662
0,144070766495675
-0,31063898548204
-0,994346755984183
-0,971122914916026
-0,354525145576236
0,746568152807202
0,994285212495926
0,449447884154774
-0,843331375423672
-0,997211532868143
-0,56186425402461
0,923879316439736
0,919723267971372
-0,386178472163872
-0,263580132899193
0,0699052641519366
0,635809588709144
0,890577545643425
0,890865345351474
0,636346215337967
0,0695101081148293
-0,261968711353297
-0,381517293307114
0,921953882934651
0,926177311169592
-0,564231107108672
-0,997160798312576
-0,839592679176156
0,44722889598742
0,993974971607267
0,740521117005189
-0,354675825285993
-0,972110256181287
-0,992605469864922
-0,295932720168292
0,162260534733749
0,806027468950681
0,941854544257734
0,619809796665016
-0,172032545374436
-0,161783723288702
0,660754813129604
0,940619276110601
0,807582980735466
0,303606089905225
-0,152798355866809
-0,930132174883801
-0,974475111114688
-0,283046905807256
0,567805271747561
0,953452537324065
0,24468839068391
-0,651993195205276
-0,998515200480627
-0,567690015879991
0,982884717769602
0,999260387800215
0,209574557217943
-0,28595601454038
-0,124779526203882
0,880338976058672
0,999190763783797
0,999645024976938
0,868249265994357
-0,280262615897223
-0,360025363592178
0,487495336793221
0,976164767486922
0,865896779365654
-0,37911711007054
-0,903690608128142
-0,645254077938072
-0,35945096011855
0,554470883642593
0,568515813135081
0,355136442288132
-0,756522376825886
-0,414547780795896
0,189361932463165
0,938268138485343
0,999372172915016
0,761914710829328
0,562625563769166
-0,998233708783364
-0,997896863024622
0,502999690181933
0,610304013636599
0,896129758794633
0,912022656503647
-0,194050912670384
-0,391644450457734
-0,0250975477648141
0,958021918718798
0,970148412128504
-0,39301704786903
-0,990478968446527
-0,996511698967606
0,210050432669469
0,875759082482891
0,921697297753841
0,668648745452354
0,215859130789469
-0,865312285007081
-0,954772283410512
-0,426742361151285
0,130474411521409
0,077568931582959
-0,626800584722271
-0,927725118049059
-0,822987915922681
-0,327496288529673
0,102868384121833
0,849027149065326
0,960525243920659
0,139458451381839
-0,456988166049917
-0,817681119983463
0,113458430871691
0,567837880593208
0,906747953155049
0,290745185489471
-0,774207789273354
-0,986308595502435
-0,624963158390771
0,745917681721652
0,737255144463979
-0,751231669400251
-0,659997006388508
-0,524094822057323
-0,527615861045051
0,976454222135975
0,978258657476886
-0,675000426177391
-0,960993554787085
-0,850336623496626
-0,750165314643598
-0,1226482954302
0,952881228585238
0,99159272977144
0,435055317743446
-0,903561159289831
-0,999912185094284
-0,516670472567274
0,972263497305577
0,96335140011057
-0,133814729586306
-0,266770795299134
0,00997787624360758
0,885775778561957
0,993839115030105
0,996194852141445
0,850075427579901
-0,440326156775027
-0,471830169603364
0,665936974341672
0,969031950243919
0,766623211047619
0,0180782319635645
-0,554108326579052
-0,895625562789447
-0,856610610592686
-0,117886928176737
0,957390682181242
0,939277503206034
0,0828663694119855
-0,650516181638243
-0,588963338125654
0,713410090144627
0,41841781325405
-0,119867350966391
-0,68814008133397
-0,880447842203228
-0,95008236191803
-0,768057204087067
0,0959481515689504
0,19444636797759
-0,382282483347956
-0,972511176749111
-0,896225379256562
0,381745946350338
0,861368029116578
0,741515217663244
0,601580401220235
-0,224605111552093
-0,814874956058791
-0,782942357518627
0,243060203499409
0,504594944474534
0,319159276894115
-0,854783355096298
-0,577435484418447
0,0572996601120077
0,538082775600765
0,847607580337514
0,926572890779652
0,690363121044066
-0,0439060019307425
-0,152785927857142
0,283956788168868
0,9790431689383
0,92716649092331
-0,438904882877297
-0,892016307555961
-0,734436412252397
-0,575843799469932
0,23849593895848
0,825354216881568
0,794643637485906
-0,206518821953464
-0,538372620722802
-0,383312958416344
0,820897358621271
0,515299516140302
-0,112011366429144
-0,652105589107429
-0,863967126959384
-0,953840164803762
-0,764160118978527
0,14128597619742
0,20891551802104
-0,491982701824955
-0,958815639156299
-0,846419953237581
0,217731852251894
0,710485623023894
0,863095964354645
0,809721288395572
0,0786785579539003
-0,97323996483995
-0,952067311819698
-0,173159779274184
0,774042995114707
0,751762270311315
-0,517486383010935
-0,318268040130666
0,12884619090419
0,875724357939756
0,975499503257353
0,994762537075706
0,828905746437077
-0,56101996657597
-0,571256022809143
0,753050136539472
0,986246959323321
0,775175063556449
0,435250049142731
-0,124704548834736
-0,98910709434137
-0,980586888010014
-0,393250209583546
0,858203507837439
0,999745916631312
0,518596339402578
-0,991474684942298
-0,999495270442587
-0,278760174100893
0,509480807944492
0,420431595483693
-0,865746090744624
-0,787530688040171
-0,504903787796311
-0,426499644852085
0,999977865905259
0,999986794802674
-0,537133099511722
-0,761089514439614
-0,999571044819926
-0,936949748344155
-0,235282519340796
0,481029087066785
0,857599607759092
-0,139061104912563
-0,523661019380016
-0,775766539643138
0,0390921530408426
0,632466221586955
0,992654445450808
0,586279584121106
-0,990671270397688
-0,999477828440483
-0,0699013799683629
0,176896954135115
-0,00544739106508325
-0,725598426159753
-0,924875799706853
-0,884825996460627
-0,66918201801376
-0,100272368013101
0,343478241998145
0,581516078067486
-0,76743987521997
-0,78175520370535
0,353964551918247
0,996631259474863
0,993872597461008
-0,400757515557854
-0,983729080620323
-0,997636068747776
0,0197423886931625
0,670752483421044
0,806609284542829
0,973206049246734
0,673270633227191
-0,981246386862217
-0,979008613413223
0,49145109189235
0,46120809218606
0,544667439823148
0,643513232749436
-0,873382670421929
-0,874153578702066
0,687434834503899
0,995474566059253
0,70132277872485
0,0202067359125498
-0,680324951860424
-0,690360254213574
-0,555361195049362
0,439317806759397
0,531673493052157
0,317543070195033
-0,819628296623459
-0,475577226462539
0,192945655394654
0,836510139996162
0,934880226340426
0,997276203688458
0,808814142750616
-0,638424002344643
-0,640402679479196
0,790570386174963
0,999616423300618
0,858435724175612
0,717511021708884
0,141033493446091
-0,752569353219731
-0,964144036755361
-0,177650427167503
0,518265386392769
0,918170075345191
0,181930368671117
-0,650955963316308
-0,999225962369565
-0,594099154688505
0,996645580524657
0,999876268826327
0,0621478841277333
-0,207919783543247
-0,00622467940950447
0,806489081346245
0,953942299436607
0,945502819775602
0,801251688057942
0,0385879015669281
-0,21925354284046
-0,105926279771882
0,985874418788228
0,992963890737245
-0,593472092409359
-0,999004300213383
-0,748144086684896
0,37488958505951
0,983347838136574
0,658683302271899
-0,333524779002498
-0,975009811623676
-0,973278958775111
-0,235310356411071
0,218361298894716
0,806626569982951
0,940221903351334
0,633395376750313
-0,161450081753968
-0,161120671289442
0,634705571294832
0,940169883824059
0,806643855384555
0,222830102686624
-0,230760303777482
-0,971406777639399
-0,975107697705812
-0,331397056305466
0,653112790976568
0,982226680887699
0,368673025222052
-0,741988237554954
-0,999171407936238
-0,593763553535662
0,994958671669841
0,988136716772166
-0,0867001369120352
-0,219745953399656
0,0326131188355295
0,808789469989083
0,949862891330911
0,958574043534884
0,813580293074168
-0,0173670883980153
-0,210799027268508
0,0917660287162275
0,999987621050004
0,993706024797459
-0,58890212567653
-0,998426654684462
-0,64292403885797
0,15480090339846
0,906276838910447
0,510925577779045
-0,15389294036792
-0,959909673255431
-0,728625174657403
0,158632016480988
0,742879940431916
0,869727218774085
0,999966430973794
0,789783404490317
-0,675674693851117
-0,674186356601455
0,80544379792932
0,992988966222933
0,947793576023521
0,853517694356367
0,193044557613186
-0,448574055552411
-0,791366584718881
0,371700398728009
0,55309342111742
0,381982361970153
-0,607273066810146
-0,714882225244277
-0,630410659736104
0,0839600920766883
0,693880541811301
0,998021543735983
0,689427986916598
-0,906593024755949
-0,905628381329972
0,596447807277944
0,491710313688839
0,40560542150922
0,429165538642121
-0,990974615025878
-0,993153860832044
0,648399755009755
0,954495930702247
0,831648221235695
0,724287994053297
0,0781014921108987
-0,987887995204174
-0,988678125472429
-0,4237240441785
0,980167178049749
0,999086313828052
0,406714406128258
-0,831258084411223
-0,823397678342199
0,506267982872024
0,307579813018531
-0,106264626168243
-0,722665640114851
-0,900836511554761
-0,940613879346565
-0,765473437673123
0,0255801060841652
0,185180208929606
-0,17077961995881
-0,995465968268874
-0,972886604879117
0,552844485234107
0,980853621789872
0,630402179454034
0,142826946529114
-0,703021330013488
-0,54442310086806
-0,242472341085985
0,805239866416205
0,440538394520894
-0,206487297732392
-0,946491124875099
-0,996220686102974
-0,675592554924129
-0,453347589425361
0,99361174761917
0,995496372427239
-0,319102629834832
-0,406270541771023
-0,70561892166375
-0,82824928924184
0,530345436601902
0,585030282844276
-0,37631320766706
-0,99947237037374
-0,966417971810495
0,520365066256286
0,999422540559143
0,794181752787554
-0,394029302616566
-0,985552055619307
-0,95807949904874
-0,0163995111400866
0,557966890324958
0,794647604430403
0,996744608674943
0,766551443923617
-0,676519146500942
-0,672030613912142
0,814044647721591
0,970940919591828
0,995588788714694
0,900426250075051
0,0781929619311664
-0,297526152691127
-0,376382670696762
0,845621184007382
0,855182967267394
-0,290094349850504
-0,97939740387533
-0,997596076132355
0,193102131621093
0,881333375416795
0,921963606644136
0,580833578802241
0,0634431360243189
-0,803618459346944
-0,956711659540994
-0,594379116985298
0,288809495767872
0,239988555169686
-0,80810952101274
-0,978368494840377
-0,89847226016691
-0,751429678577779
-0,145065900309834
0,41933781944346
0,727399160380998
-0,543895112959812
-0,625962295205993
-0,0289595429522762
0,886183432966734
0,905352402535
0,0666390752880456
-0,716695825088761
-0,800512463094647
-0,792421761664841
-0,302925228868099
0,86934813469935
0,965060598058949
0,44227651490581
-0,203352197750371
-0,121206842332586
0,76918304782056
0,953207974378654
0,87431961784251
0,67739125217313
0,119813867281169
-0,457419582854128
-0,763219437798442
0,503063764756429
0,598865788124538
0,0404497919609889
-0,888516911511467
-0,90665609756293
-0,0314109640753601
0,752981512767321
0,820243735004507
0,733126894880867
0,212280844397508
-0,830454080213187
-0,962226300884589
-0,53584803444099
0,283549383511472
0,217230181695103
-0,822974746605813
-0,982670566456408
-0,926552440190039
-0,796130552631205
-0,12944258326185
0,323340598942792
0,548185938555091
-0,761924988477767
-0,779515939052362
0,270926461784036
0,982996010909348
0,998421383940238
-0,272309376677675
-0,934613093411366
-0,969303652132962
-0,341372231698056
0,258639525943947
0,744933449984984
0,98578038485708
0,727395088703452
-0,642801603767664
-0,632318448777818
0,825967930324442
0,947712145777166
0,993060130167906
0,901627038495878
-0,138075115414493
-0,320752982222761
0,117064816377331
0,997057637132503
0,999686701703027
-0,55789385977988
-0,999909165386637
-0,790675226475012
0,413900254772017
0,991920695556295
0,845904665089578
-0,246915063479888
-0,870111778298976
-0,932924931086066
-0,85837159282049
-0,55856262852812
0,998636755542725
0,999776740069516
-0,297756715568359
-0,321595513751245
-0,462418959434672
-0,590130384717651
0,896180769593777
0,897267097588782
-0,674323350934624
-0,995671488144226
-0,699907541843407
0,0612456923764426
0,765390117134982
0,618102491682229
0,382252208308128
-0,632978478981254
-0,451173509606813
-0,061576926171649
0,923209872340804
0,680244792606228
-0,0701069843339415
-0,580786167503399
-0,837913431745116
-0,957749538133803
-0,754089418878625
0,207668288688963
0,239578459580695
-0,620310154898304
-0,949895224914548
-0,798620270527338
-0,0749359613666568
0,414020268317936
0,9929966841772
0,95231775793977
0,340285054777213
-0,923729370409502
-0,998821923656937
-0,490317798256457
0,997235701544728
0,997445318750959
0,257901955214675
-0,54131635596054
-0,459682169149937
0,847559530143689
0,713972245735091
0,356332943590598
0,228285437306902
-0,980362947996184
-0,977223135896416
0,31947906494938
0,515257272426327
0,933570171979967
0,942640826852239
0,0342955448099802
-0,371594458365386
-0,51188653085109
0,645315739317407
0,710685515707719
0,24515821609588
-0,651922221181517
-0,750829368686914
-0,716907203237992
-0,109979697833878
0,763928122510014
0,975974085165016
0,65190632825672
-0,576130551176261
-0,550962409293354
0,845200580015696
0,935855209564223
0,957926601927893
0,876191839258811
-0,382992860358703
-0,452644220869805
0,479823528882033
0,984357759847233
0,883265238128225
-0,445541098512093
-0,961838315344993
-0,588719736190243
-0,0368948180713995
0,833675368878749
0,474229257649344
-0,10123022446139
-0,953522169469927
-0,747650939371539
0,0828598774086356
0,618728678598917
0,834960700909455
0,979904232082222
0,780685651144366
-0,380336754034564
-0,384521327613566
0,759641542471946
0,974174134983254
0,807808414552752
0,516812760003004
-0,00439881479516616
-0,874477097478957
-0,976052208282754
-0,270752909883096
0,565216576238151
0,956628775592731
0,276747129249104
-0,68392803360151
-0,999996418442534
-0,598449452447548
0,999946858214666
0,997615157843325
0,00670793028549185
-0,213913116280664
0,00713416020747268
0,813177717555753
0,955348764210712
0,955647687786676
0,813336424333106
0,00538252118966192
-0,213632208955976
0,0128955147272613
0,997978924416939
0,99984364952537
-0,598229324031226
-0,999999711288577
-0,680472804776191
0,269228809024764
0,954052545778663
0,560224317969778
-0,264467202853762
-0,975560258913269
-0,865584798264296
0,00927403941266266
0,535120644866146
0,810316862318325
0,976967747975216
0,764660451455046
-0,403568562012002
-0,399425605885495
0,786116048526829
0,983132636671547
0,841092586965651
0,641120375603265
0,0982221035987406
-0,726344377288813
-0,948587945140032
-0,0748653834821403
0,470201627095591
0,812844673728033
-0,0751808459222274
-0,587529532656419
-0,951717575175304
-0,42114552961662
0,866653879354387
0,982835139385118
0,508171124228149
-0,483517058121518
-0,424142127073404
0,870561398257621
0,941145818065838
0,914466021199678
0,834584870681988
-0,596876107502767
-0,615736467185131
0,670672959003388
0,978507509747299
0,750863459041096
-0,0515724860778891
-0,66976036938088
-0,777777943970535
-0,700428321152163
0,180478767799374
0,745790074893232
0,69834213716213
-0,447979550767059
-0,377030834715293
-0,01374836054125
0,938465285212117
0,902693810336364
0,450183214386352
0,246625332767086
-0,963167284255692
-0,968104505917536
0,147340393190374
0,292968475427998
0,655732686730626
0,817527634182043
-0,535233653085287
-0,592836200758939
0,327878290742039
0,99976683207922
0,986105949208562
-0,502818296202666
-0,999200043475814
-0,885348694548322
0,363263854619568
0,965333105529253
0,999815622279328
0,32350471088819
-0,179561166025774
-0,785543739895367
-0,955275627725117
-0,669049795421262
0,298893007422816
0,273164357392236
-0,783795119771604
-0,972230404369728
-0,856420754087989
-0,659999663842479
-0,116203438805917
0,608000984270909
0,894537489743589
-0,161821387658441
-0,47075325453687
-0,532725140787354
0,495406430295583
0,657886906074588
0,678253751357343
-0,0581339567715418
-0,681895441825704
-0,999463326194964
-0,675663987439702
0,948516563560714
0,945959609545226
-0,487941532954334
-0,371451675817087
-0,231826937739087
-0,162984839090566
0,991945107095574
0,984820931034406
-0,472038819672832
-0,775704155414453
-0,969737522603948
-0,910861897260277
-0,285499467597832
0,76920548055473
0,987451214755163
0,371485731155554
-0,721789217253211
-0,999799333546069
-0,553930752435016
0,984083779400252
0,999860471975623
0,257300658974249
-0,385185441084485
-0,255090351185273
0,896808260433103
0,961530493690663
0,881762051865882
0,787789634797231
-0,752118399966456
-0,755056335422941
0,74431774195146
0,996792966862317
0,754574728208362
0,423365995709403
-0,187694500012816
-0,997062155711704
-0,966139409342809
-0,353596341601371
0,991957782243347
0,996006717250403
0,385153152260211
-0,87332440570766
-0,866541259577036
0,385957531534761
0,2810826652372
-0,0981662155643032
-0,854654039342736
-0,966039672928808
-0,999094450618889
-0,843590086255609
0,352143981963879
0,393057624777161
-0,637207372138433
-0,963530199785193
-0,782519819164406
0,0288859613850884
0,579557214057809
0,898043578462187
0,857646087598732
0,131651537733696
-0,972162350202241
-0,95264502305443
-0,145170143373784
0,712663984163456
0,675178454098035
-0,629190791820948
-0,358999973340375
0,141358883135959
0,786434901010089
0,918325261166833
0,984122244392992
0,820243396832213
-0,248997379811911
-0,302086223887118
0,58460738384865
0,958880032163411
0,80742996324661
-0,10662137478506
-0,631233333045282
-0,888279307237977
-0,844162759065426
-0,120658365839325
0,977307824964679
0,956882604607459
0,176229030903336
-0,755240582821858
-0,729462952441341
0,558678253017081
0,328265811593884
-0,138804107586157
-0,844228506877313
-0,952876274708993
-0,99955590384578
-0,835256114965982
0,415886565394351
0,440754263094236
-0,698936930518752
-0,968300387537407
-0,766495559948104
-0,188230287528955
0,358766434223384
0,986972583049869
0,949158950424499
0,32512369881645
-0,98072554408232
-0,9969957579491
-0,432259383273846
0,959279741846919
0,949290768694429
-0,114631957986648
-0,319423079031327
-0,0627091724405354
0,916653991765661
0,986991644917442
0,870689164085345
0,747093621162819
-0,849726585388259
-0,849837474240761
0,753449341269522
0,991845323422627
0,862327818649774
0,748896530976579
0,151175367726629
-0,841878255059747
-0,983952571778911
-0,335348605151063
0,658766520351599
0,992473930375284
0,467061620008443
-0,870027296331799
-0,993761006668791
-0,5369943024672
0,766462033903726
0,756587155726065
-0,690984132543316
-0,500259650803007
-0,19119662431426
-0,0234808862334818
0,955518721068446
0,943812119260808
-0,192803962848075
-0,429802930146851
-0,921014613904655
-0,947703028628064
-0,0635024477969419
0,387716949418804
0,599771816674574
-0,529901027187886
-0,650636700549152
-0,442125426723628
0,446772175290845
0,676274703793353
0,893754171134695
0,388385954605324
-0,8819085137783
-0,975052069191778
-0,441934592470383
0,282750620652461
0,188735298495371
-0,844827585367182
-0,990034709745989
-0,966040886965859
-0,843963178034765
-0,0504224144638961
0,245102671698329
0,189275538187186
-0,959596827643243
-0,967406189148221
0,540950791968759
0,999263513078039
0,869116890200228
-0,447774650413172
-0,994780373636573
-0,878606255283899
0,258558572214808
0,884686846566396
0,941861981527555
0,798837730331148
0,468570617001291
-0,97867004879076
-0,989523240785955
0,0915445438945187
0,180146628400922
0,258205482893991
0,29545524931852
-0,994822749922779
-0,997600909410237
0,642245601764332
0,98487672587275
0,714537649734319
0,438750507528854
-0,306223319974163
-0,874737355564635
-0,846701204742712
0,0287176284609751
0,730886227630977
0,688280707040474
-0,535787908796418
-0,338063184533311
0,11457023094846
0,922207183967748
0,999997938229024
0,884328209918382
0,7207733439667
-0,903638907968894
-0,903664191747335
0,730385500945294
0,938854320946093
0,969303021131424
0,890304965404497
0,227506097644459
-0,509576568935414
-0,869459439966917
0,153703787468681
0,50671009897383
0,698053640820287
-0,201060712900921
-0,61398282716657
-0,945271213802344
-0,441866731450559
0,894972150428299
0,981830119561888
0,436872225884694
-0,345395264237204
-0,251768238938788
0,872688314346552
0,999649599344579
0,999985588979107
0,878874458144187
-0,176999758312113
-0,308254159429411
0,307291251099415
0,994099291437025
0,954304833121643
-0,535442140839502
-0,989916271275113
-0,612454883021187
0,0976182684907034
0,893135632844721
0,499418246813019
-0,168948334192156
-0,964002927103767
-0,787626830921508
0,0704382531547929
0,607911488327242
0,828734456509689
0,982705109619483
0,779912305973239
-0,420142742269901
-0,419998431744956
0,780682531675408
0,982936639681174
0,829958014540415
0,611794280905581
0,073632033215738
-0,782214195697485
-0,96291146251166
-0,161480035491743
0,496253081801491
0,887529831380567
0,084170097687339
-0,609182291875399
-0,988102078179636
-0,528332660827188
0,948442830565465
0,993079812181306
0,32595457266658
-0,319423941850485
-0,194372462354581
0,880467318649421
0,999799458680048
0,99850255713593
0,872993254949627
-0,2767376978532
-0,362595554379774
0,461865344173463
0,979902470025512
0,882389891958097
-0,419901034917573
-0,933578621609699
-0,619209771212611
-0,242773097859358
0,66556221926963
0,516124824494713
0,196232844266495
-0,850514472834998
-0,486472191365904
0,225681117071422
0,902079629751992
0,979498521846479
0,918138583149751
0,711632635685121
-0,928035697009423
-0,927940679276736
0,697250565135668
0,85296804497034
0,998175153983991
0,926361604496799
0,0849472182417991
-0,331257284373001
-0,474772722028272
0,739250238001639
0,768510844852794
-0,0381223318041269
-0,88011818253842
-0,904843310698607
-0,233572305547739
0,510240922160667
0,731167765151987
0,970914200909331
0,61576199429554
-0,999902906792856
-0,999481930125494
0,210761150786509
0,213846352740216
0,137227864226544
-0,00258447623602392
-0,97931327496131
-0,960762995628853
0,401389114480673
0,735999158995044
0,966986566834408
0,911760711116026
0,288602153686572
-0,829646960948069
-0,993652905495074
-0,432291431974642
0,822524866429541
0,999270746292648
0,561214443040818
-0,98987953874273
-0,981466604620225
0,0760878599573035
0,250281886725837
-0,00568002143975803
-0,868081395088875
-0,984984523495607
-0,998971910006709
-0,856230172655423
0,272363139466573
0,343514916767928
-0,524421784858365
-0,969705429198772
-0,841185842274349
0,296816755004278
0,83147284881954
0,716332159038847
0,5634827909668
-0,316805131354022
-0,71346413281961
-0,642968709695227
0,48302978731406
0,394804428912994
0,0294428715685275
-0,937430373755077
-0,855078315462811
-0,30998976754142
-0,0472586454475664
0,912863766176921
0,932023845429823
0,129856381634475
-0,105277167368594
-0,399840043469904
-0,587150905272326
0,850979938022204
0,853673139027468
-0,592297411114866
-0,992938722376973
-0,805889813398915
0,403905889000665
0,978444842110985
0,595031358046734
-0,265435541607512
-0,975170811576059
-0,750847939102375
0,21780184119673
0,83113438128699
0,912559124480332
0,959725257731073
0,716065613996128
-0,931470776727947
-0,931135266948105
0,671519851240666
0,765034059093535
0,940250945335531
0,909146164046266
-0,195420282338722
-0,374496820284338
0,0711389570003096
0,985891810055064
0,995815230715285
-0,496845096880869
-0,999667979410042
-0,925679443670557
0,383759332006197
0,974639083986039
0,99931689953871
0,181988307195737
-0,386605423414466
-0,765622675404685
-0,985693491317118
-0,745794357988012
0,587575850645103
0,576662390919945
-0,830737149784139
-0,988095848677116
-0,989971826964633
-0,889926096152318
-0,0811884278087515
0,289811424459561
0,364205436473814
-0,86114873649627
-0,86918630005133
0,334437995214502
0,988400311724715
0,999887929058815
-0,264908806293799
-0,924008954949598
-0,961413180195369
-0,434339246981414
0,121486786759906
0,765501914027229
0,967962193392069
0,685674151574049
-0,448399055041763
-0,420406249039201
0,841426265935212
0,999982694974121
0,970068682796658
0,862718313661981
0,106093617248669
-0,291149439694644
-0,422325907076803
0,838252932725746
0,847133113611425
-0,331016040914865
-0,989571187849856
-0,999757276622453
0,290325320254387
0,939110981128142
0,974996374995633
0,350389026379856
-0,232247987697369
-0,751388560330137
-0,98010930024102
-0,720663603334933
0,574924771173735
0,559392487086156
-0,837617928669131
-0,980356987930267
-0,99933919755389
-0,897749771939306
0,0133091265229025
0,279993181515887
0,111389357160499
-0,964380538132334
-0,973764066215466
0,504610223271618
0,999999996280955
0,919010463822729
-0,42290919272601
-0,988272462486849
-0,976527622879471
0,0414264705854378
0,661960447636985
0,812057563231542
0,991381198921651
0,72415144319302
-0,915178583055034
-0,914824791406494
0,665613913288255
0,699196370256522
0,832266018595179
0,85082383369647
-0,505942338857401
-0,555856892541913
0,478390868370635
0,990578921533734
0,898347187151986
-0,483327200956207
-0,987451178396936
-0,606610250007485
0,214074237815412
0,956399337331478
0,601825969481755
-0,297329098668714
-0,957619023993205
-0,998207377609017
-0,529975876988639
-0,206985391003045
0,916563556454122
0,951302229318913
0,170637299676593
-0,0767426074181351
-0,194332761175946
-0,177256692285394
0,999357289868691
0,99988272654252
-0,618600518859009
-0,981749210887831
-0,695810665572464
-0,390024823437112
0,386231021131471
0,804650562896593
0,76161691687345
-0,208188368186048
-0,595088255629647
-0,47474133757396
0,745491228062141
0,419682864708493
-0,176337227703801
-0,833021444255435
-0,937231102076684
-0,999903535292724
-0,821593640473907
0,534563176733838
0,542562929667029
-0,766772843754103
-0,987784401584115
-0,796310656692503
-0,523864545429239
0,0255298868724618
0,936445179804427
0,983442919921998
0,362146844792532
-0,705843447766216
-0,994813453615609
-0,469125317786869
0,871941976784769
0,995496240129716
0,538872216690084
-0,820988974765486
-0,815775614430751
0,608397691035557
0,400371806040312
0,0568151175164122
-0,246271118698802
-0,906446912144083
-0,890304040105448
-0,145035312479239
0,148140120425347
0,67610413390944
0,870700440732972
-0,333372418734933
-0,488883365754146
-0,058553561741408
0,915602867167186
0,929529133885873
-0,168710488513822
-0,907562222820312
-0,937232935658425
-0,315388590916695
0,351823298088715
0,726205840039802
0,999664383075187
0,720013814287476
-0,873337358363631
-0,873020743164176
0,685512286893647
0,667170610381389
0,715987327869403
0,757900581897981
-0,753741254831525
-0,75947241532019
0,670936043305624
0,986961092635729
0,732961656549489
-0,105214667589813
-0,76170492432912
-0,664607712321162
-0,483765693552859
0,49761070332071
0,526643541149792
0,290015858512357
-0,826223612765022
-0,476634818637204
0,202473710517191
0,856897019361785
0,947897520295712
0,987776313064988
0,79439523755404
-0,729330200140923
-0,729708051509057
0,789396622293743
0,994927696073852
0,912326261500057
0,813868938879191
0,200670248415556
-0,605096956057555
-0,918838521564314
0,0270556668043925
0,483967117990612
0,773245777692888
-0,108364642039781
-0,601928230474342
-0,960191158222692
-0,462500294488848
0,903404880901327
0,984455808293505
0,427102292266233
-0,361248153617381
-0,266777891814088
0,877754376367912
0,996907524136499
0,996793545249789
0,877398402821973
-0,270239057786928
-0,363200346923849
0,432401795148388
0,98391759257856
0,900564681381277
-0,45760200537525
-0,957603399504217
-0,602878104027045
-0,122156437352146
0,763430447966399
0,48556564532462
0,0425335252515682
-0,9138454630169
-0,592731766284479
0,205812641972825
0,82449361793891
0,919262998920233
0,992033499895887
0,785838112587854
-0,751319286923627
-0,751017940481895
0,790216005271242
0,98227830676566
0,956746652331268
0,867600398984069
0,201214341738106
-0,456573246287618
-0,805409918110484
0,331833002685157
0,541391491332786
0,453876410000388
-0,527949878561313
-0,681568218800025
-0,726279209321692
-0,0555707671768225
0,721095287319091
0,989723091362025
0,680591735636826
-0,796014439622145
-0,792867209377796
0,73016855917763
0,671857964671869
0,618592251264098
0,64734130476846
-0,905008273678403
-0,905473894679012
0,716282646972044
0,999778045676841
0,735173096257928
0,422515825983266
-0,245877862511726
-0,960502869083288
-0,930642822839105
-0,224787945312581
0,956689604054643
0,941563951629606
0,0227889893203768
-0,53060681373416
-0,410908120523162
0,841811852000829
0,616071031768417
0,0885347367605394
-0,240635774810237
-0,877244798302439
-0,897080656222941
-0,339554275498422
0,0171495551301166
0,342187660254599
0,528566368226849
-0,87260119293204
-0,875325572675079
0,575523142214754
0,994787006363268
0,827232152354431
-0,434593260072807
-0,989092127173588
-0,652676285229313
0,334839821959563
0,982893362520403
0,888395572240939
-0,0547339779204024
-0,620447077996039
-0,817819877504454
-0,996981474079747
-0,777601200940774
0,636675930655647
0,632433569021096
-0,816198236777478
-0,991797970254439
-0,967071900909037
-0,87137230538948
-0,163909158957159
0,366694349665552
0,653951279389978
-0,597024070700996
-0,665850968160264
-0,0684864587550761
0,843690791596875
0,869599703291983
0,246491582190032
-0,527159376872036
-0,728204948999783
-0,948905587743429
-0,55944549804948
0,986791270795646
0,996996289639455
-0,0156273782837892
-0,143586449065999
-0,0374872767630502
0,327234199532895
0,932104229612442
0,878671123789031
-0,0445810752241595
-0,386487803845771
-0,972547211956977
-0,965296007694675
-0,259639419390376
0,524400108856036
0,915783485064438
0,0846270286332915
-0,568898228337981
-0,961138235442576
-0,399376448265715
0,829707792831814
0,986827520255967
0,570609520964476
-0,677721718794364
-0,658074734752266
0,791654121365377
0,711568965863136
0,553006758425089
0,54177125880773
-0,975849449547988
-0,977461919879461
0,674295989810083
0,95287954438806
0,87294374566261
0,784927508970026
0,164724169486658
-0,910360014636372
-0,9917210717569
-0,422846932338275
0,829660066422773
0,999934354717104
0,545678108421862
-0,999974721968079
-0,994845197305223
-0,103796870217096
0,334748466934712
0,151798020668207
-0,90538484529081
-0,984314881152729
-0,911406771466132
-0,797713513366707
0,731065571169441
0,734575172420634
-0,750043836284234
-0,996680064671325
-0,763980319146404
-0,458190045348202
0,141517941600942
0,999886480246317
0,975049968991661
0,38288049397475
-0,963721945582296
-0,999161590032112
-0,457295217542147
0,950487140008096
0,9419691967991
-0,178116714163563
-0,284685955193554
0,00649740039074302
0,901878766861531
0,999561031209788
0,970502412526
0,825725351749516
-0,624253257677527
-0,633095977458878
0,745835558302166
0,988868382050321
0,760914955875252
0,386327994590764
-0,194538085494958
-0,999932835646685
-0,971282568181439
-0,374568612728469
0,956634830651616
0,999199104712538
0,468664032701703
-0,971938998622806
-0,96170368347174
0,0834286577074369
0,312217333022178
0,0639211168335596
-0,912914752545038
-0,992228617025898
-0,90436893200176
-0,777914107099719
0,787536746604604
0,788602948270984
-0,760720692494016
-0,999842190553098
-0,813579975986864
-0,638767435797816
-0,0474642118227705
0,939728478022309
0,98763885313815
0,398768988835591
-0,790480034780364
-0,999657667844293
-0,527927982457269
0,97515497909247
0,999789093537322
0,340328091425473
-0,532105290393658
-0,458642923877545
0,856581687953401
0,781127075663033
0,524582620481647
0,460448547274144
-0,998269051261655
-0,99886413936427
0,579723876405721
0,818780908659391
0,98899608390132
0,922188424066361
0,261263957569744
-0,564899705740824
-0,922484374438179
-0,0422371425679966
0,523481783117583
0,896503001024303
0,187704106201978
-0,685198839337822
-0,999183733744301
-0,636288255311913
0,981682757253557
0,976198934429979
-0,279728392205402
-0,226813998631624
0,0151935231060704
0,462600901261632
0,898214070590936
0,860284597225443
0,315775443145893
-0,0554779034953312
-0,632715498171521
-0,863603632776601
0,332292876420686
0,496978591403444
0,126093276194725
-0,873927553482035
-0,889936587109872
0,029064716180791
0,820623753607555
0,862872452067996
0,56148399248157
-0,0454064786267886
-0,747680952672897
-0,977808023028864
-0,68815211846964
0,592158689395044
0,573222267468406
-0,839647275577567
-0,949761552099792
-0,983740146482298
-0,892694750667337
0,238838418150769
0,364141647473991
-0,297763228263178
-0,99774437378919
-0,967923987856885
0,549245941078913
0,997802618010676
0,653515919144065
-0,275788599798312
-0,967140840288535
-0,617585576012081
0,309867523474432
0,966417244904701
0,989690599216446
0,399410459952489
0,0250024350815622
-0,861742617646738
-0,932922914365763
-0,404993771604013
0,0446355716809137
0,0982410324208618
-0,218629879562267
-0,972218627359132
-0,928441252406008
0,382939271653572
0,796418313168833
0,871731347225877
0,811374078108114
0,125663717035599
-0,999940562507268
-0,982451730194482
-0,352567216442793
0,960580328203289
0,948385023969567
-0,043070975717082
-0,403963787510585
-0,207437993150737
0,910101482154175
0,869232068849879
0,536120302692831
0,415145893165067
-0,998696257976416
-0,998383609221102
0,463290742182892
0,64120177083613
0,971085798472691
0,942362424339467
0,0811588116103005
-0,363930197804774
-0,556668960103629
0,617275008643454
0,691225867391301
0,245283085473356
-0,664842944038836
-0,755198673437283
-0,679054857739669
-0,044849173493703
0,741443180580722
0,982121497824663
0,677390810385649
-0,67174604682225
-0,658925505530234
0,814246152153415
0,858828575586229
0,875636682985488
0,836223785084647
-0,581822088037281
-0,607129038683331
0,619626975539613
0,979074245036362
0,784413450609976
-0,243777179393311
-0,845660504835621
-0,636501916401321
-0,382139026638415
0,577671709289666
0,514938795957757
0,236110122648184
-0,845086074320949
-0,491611042878175
0,211178807363556
0,867079386192609
0,95378125685076
0,976964912247843
0,778334015488431
-0,792891410099862
-0,79288539572746
0,778431218228912
0,976348523914999
0,955298043556781
0,868657879182967
0,210392146722578
-0,485940139051757
-0,839634919502224
0,249196208353947
0,518264884528047
0,563052077921653
-0,400025223142319
-0,641026604437983
-0,834092813789342
-0,224617026211684
0,776512881200801
0,979759987167959
0,628893744938987
-0,627460191677959
-0,605649043895136
0,828775977222064
0,858627613593918
0,839076217888949
0,803087438436786
-0,688403755826442
-0,698169532113003
0,687359116387527
0,984315280267227
0,73401482961861
-0,00103575883877786
-0,642501329747662
-0,776236610621482
-0,701474870081464
0,195203516377085
0,718974631484103
0,660973585294718
-0,507999807741011
-0,363630676778568
0,0475390004396338
0,941700644146777
0,95354333912344
0,589008025190676
0,410243612758359
-0,993291771735028
-0,994139992015152
0,354843411944123
0,477503547395657
0,828704499605907
0,897806311361497
-0,272833226899295
-0,43510948652201
0,0367332498076
0,967720331595517
0,980774486535236
-0,395024147478297
-0,989578182920006
-0,996784739359412
0,184733005092246
0,85373105779547
0,90441352060028
0,732987229143329
0,306494852176739
-0,900900985332157
-0,962495902223048
-0,311937195028005
0,0989808651805062
0,0494882772485601
-0,490161338500477
-0,927545851851086
-0,841605242357447
-0,0873826832645656
0,303277218991957
0,965775273066044
0,969927325658886
0,283757234057754
-0,562976017009424
-0,945727185697622
-0,197073394699021
0,615383235753069
0,991228311227234
0,51481732216121
-0,93232555808111
-0,992731994491952
-0,398293112796225
0,433386289539143
0,344524530157339
-0,883978243047576
-0,949633546349346
-0,895370806119627
-0,810737469654846
0,683370759612389
0,69144545175344
-0,718628766906954
-0,987551194364244
-0,734545538314198
-0,195561585696421
0,427895901369511
0,921221889274781
0,888163996074973
0,152878079412536
-0,948984261673193
-0,932790318076266
-0,0288257666848049
0,575899085140476
0,478147122018067
-0,799225241424394
-0,525109925938439
0,0297743353705013
0,471314632270842
0,855822379887795
0,902030761108298
0,591958906218599
0,025689424338989
-0,180184506222248
-0,0964792999164888
0,997728747447892
0,999983809371572
-0,619841886086021
-0,998730534109672
-0,647856921236649
0,02768905689391
0,807157704489606
0,528710168666628
0,123582583094911
-0,857612335887372
-0,477594053293677
0,233883266479489
0,946132609596844
0,998960722018635
0,680257889955332
0,443527802046377
-0,990389602928578
-0,99339565708052
0,276830474879994
0,358979374896736
0,637280929677482
0,781683540939629
-0,638926206010383
-0,666357218568349
0,481876272978093
0,994972391690412
0,910197528231158
-0,496968799923777
-0,996072944371607
-0,683240750582161
0,351299409542402
0,985686528140394
0,838709847443043
-0,176581824540117
-0,783425502808663
-0,878828310698245
-0,976530598430342
-0,726578517184904
0,915721449789255
0,915501536985571
-0,684996854547796
-0,768612808043577
-0,929592201852519
-0,901950572231687
0,247472884442791
0,396132854750679
-0,163511011552382
-0,996366840436509
-0,999636877115552
0,529755231206106
0,999991963985497
0,857552968880903
-0,412428832804937
-0,98742606892902
-0,965725064310196
0,0188683452873043
0,618487408498865
0,803384265692524
0,999630998913407
0,753293402993743
-0,816706818975796
-0,816082960546657
0,761042655951527
0,864277870092165
0,969745559621112
0,906840276315643
-0,177175956097644
-0,353186036555512
0,109560822255952
0,993918725223187
0,999871010477554
-0,535276320859258
-0,999988290936492
-0,854072779927809
0,420299133452607
0,989848045859284
0,947795405036485
-0,0851823652926874
-0,697707550463442
-0,829706353774855
-0,989311495420971
-0,728167661210533
0,909188729794657
0,908951730455117
-0,680010557261387
-0,732968166859227
-0,876099389761988
-0,874475301153183
0,407389813197764
0,487332067159007
-0,378023720288982
-0,996958263374583
-0,951871073061653
0,530496880655323
0,998010261502216
0,67945546684325
-0,336950845795642
-0,983210872094273
-0,743083054360118
0,281897265911437
0,909092542770694
0,969789796126944
0,796353025518718
0,505854117163916
-0,993015280906491
-0,996626840379487
0,241816730868937
0,290839873176412
0,459200198941908
0,598099882139362
-0,883819894187945
-0,884977748880624
0,663366044936778
