0,29506612
0,06762691
-0,20097624
-0,93068053
-0,90135955
0,04326154
0,33171877
0,90200746
0,95192806
0,08579644
-0,40604611
-0,67241248
0,41281276
0,60676082
0,6158125
-0,22129655
-0,64684192
-0,9797585
-0,56846516
0,98344289
0,99747112
0,08599625
-0,15863169
0,00282321
0,65954848
0,91414676
0,85581288
0,53808584
0,06037846
-0,50738605
-0,7929344
0,47772316
0,57841933
0,00281688
-0,91649587
-0,93286024
0,08816479
0,84701595
0,88592162
0,54398261
-0,04763759
-0,75470044
-0,97432594
-0,68310734
0,54257954
0,51892251
-0,84687263
-0,97705714
-0,99903231
-0,89638257
0,1111084
0,30096735
-0,10675775
-0,99752791
-0,99954943
0,5659145
0,99989516
0,76708314
-0,40207516
-0,99075464
-0,79299372
0,29102539
0,9150211
0,97173659
0,74471038
0,4246426
-0,97051742
-0,98399188
0,06125553
0,16969598
0,27536419
0,33553648
-0,98804005
-0,99171243
0,65623227
0,99457332
0,69016751
0,31402726
-0,44389961
-0,79265639
-0,74235558
0,22109363
0,60741084
0,49238502
-0,72424725
-0,40238103
0,18045282
0,86563182
0,95978975
0,99121713
0,80968542
-0,6621123
-0,66456478
0,78497693
0,99963154
0,84638911
0,69540444
0,12096968
-0,80480992
-0,97439042
-0,25053231
0,56314069
0,95911326
0,3067267
-0,71631303
-0,99867638
-0,61545733
0,98537622
0,97894702
-0,20942467
-0,21254267
0,05182908
0,65776424
0,90129796
0,88139395
0,62125738
0,08037553
-0,32177074
-0,52994061
0,82695314
0,83350229
-0,45352137
-0,99995843
-0,95316418
0,46475012
0,99595498
0,93098543
-0,24520079
-0,87890873
-0,9331371
-0,77259876
-0,41217117
0,95596829
0,97906355
0,05480346
-0,11559975
-0,13895154
-0,01563587
0,99078564
0,97626711
-0,49899488
-0,87043073
-0,85088164
-0,77473548
-0,09740959
0,99970082
0,9839558
0,37770455
-0,98971388
-0,97575084
-0,11564584
0,51742568
0,406405
-0,85610385
-0,6875388
-0,24162126
-0,03256221
0,93539042
0,93539566
-0,03250243
-0,24154399
-0,6873804
-0,85600705
0,40671412
0,51759651
-0,11607218
-0,97583699
-0,98979117
0,3780075
0,98401819
0,99968288
-0,0979888
-0,77522514
-0,85118426
-0,86994489
-0,498357
0,9760614
0,99069118
-0,01443282
-0,13854503
-0,11513428
0,05623836
0,97889307
0,95563985
-0,41106527
-0,77156814
-0,93364454
-0,87947439
-0,24593748
0,93030947
0,99597121
0,46486865
-0,95256772
-0,99995253
-0,45454924
0,83466983
0,82821152
-0,52805661
-0,32080587
0,08071773
0,62291105
0,88166019
0,90161394
0,65928192
0,05165477
-0,21196754
-0,20653544
0,9794543
0,98588431
-0,61557142
-0,99872108
-0,71520778
0,30483187
0,95850484
0,56209274
-0,24891751
-0,97418305
-0,80291895
0,12269754
0,69767934
0,84727641
0,9997033
0,78496162
-0,66732573
-0,66493281
0,80932736
0,9907358
0,96066883
0,8666948
0,18001662
-0,40073126
-0,72154135
0,49626807
0,60948049
0,21670496
-0,74534683
-0,7947115
-0,43962332
0,31864934
0,69064315
0,99420099
0,65518407
-0,99234551
-0,98870282
0,33078374
0,2725536
0,16703836
0,05584032
-0,98338101
-0,96949371
0,42067821
0,74095714
0,97290544
0,91626998
0,29217485
-0,78996762
-0,9905666
-0,40037748
0,76439869
0,99991122
0,56598419
-0,99934642
-0,9978057
-0,11260982
0,30290877
0,11517487
-0,89662866
-0,99875069
-0,97569009
-0,84619783
0,52418707
0,54717899
-0,6850848
-0,97472799
-0,75374539
-0,05444137
0,53804205
0,88859678
0,85017888
0,09374125
-0,9353476
-0,91891543
-0,00400678
0,58223784
0,48419954
-0,78936891
-0,50288548
0,06311207
0,5440273
0,85637438
0,91495058
0,66380347
0,00136707
-0,15860039
0,09396329
0,99710611
0,98207462
-0,5655243
-0,97848184
-0,64749666
-0,22944124
0,60903257
0,60974569
0,42066391
-0,66621194
-0,40557131
0,08058149
0,95144962
0,89811433
0,32438986
0,03418045
-0,89949597
-0,9295065
-0,20993973
0,06408591
0,29030455
0,40831977
-0,95283023
-0,95661682
0,64996737
0,9979751
0,69263315
-0,15976449
-0,86677861
-0,53805198
-0,07748219
0,86581338
0,48015009
-0,23170295
-0,95693811
-0,98632879
-0,53158656
-0,25793824
0,94457377
0,9620588
0,01067069
-0,15219969
-0,36881224
-0,51734173
0,91552152
0,91748746
-0,65181756
-0,99535725
-0,7121065
0,19510804
0,87808145
0,54555774
0,08519989
-0,85546555
-0,47083614
0,21611753
0,96129682
0,96537167
0,42114509
0,1172477
-0,90611363
-0,93994835
-0,19514706
0,06818488
0,23885815
0,29236282
-0,9865816
-0,99098488
0,650793
0,999165
0,66473746
0,10608738
-0,66698432
-0,63191423
-0,44777832
0,60465364
0,43326592
0,03858673
-0,93234921
-0,742759
-0,03166716
0,4054512
0,83178028
0,92329669
0,63978826
-0,05054162
-0,13480018
0,32640684
0,9697604
0,90593863
-0,36552137
-0,81781088
-0,81505007
-0,7338513
0,01520041
0,95201171
0,93071895
0,11903486
-0,7584808
-0,73078135
0,52949845
0,3241626
-0,13000819
-0,88842999
-0,98379814
-0,98334137
-0,81583874
0,65252788
0,65695996
-0,77240913
-0,99693783
-0,8068556
-0,59250457
-0,02347636
0,92490153
0,98513754
0,36981937
-0,71864424
-0,99662657
-0,48881317
0,90181316
0,99590629
0,50277579
-0,74587297
-0,73226167
0,70331162
0,50349605
0,16861151
-0,02554878
-0,94359298
-0,93177206
0,11382313
0,35029661
0,86118437
0,9344952
-0,04947356
-0,39056406
-0,4284394
0,70166961
0,74965132
0,20790652
-0,66791458
-0,76183414
-0,72672077
-0,13963545
0,7795775
0,97200601
0,63134829
-0,50490649
-0,46929599
0,85694914
0,975369
0,99288812
0,88993605
-0,21837958
-0,34614533
0,30132035
0,99673258
0,96357291
-0,54638479
-0,99617653
-0,63564424
0,22586746
0,95095549
0,56772821
-0,28548807
-0,97258976
-0,9504687
-0,22813906
0,19565348
0,8208309
0,9309815
0,58544013
-0,09230719
-0,11827446
0,48697814
0,9444301
0,84204538
-0,0802965
-0,52061122
-0,98569115
-0,94053872
-0,32306614
0,90462984
0,9982278
0,48751312
-0,97496831
-0,99998679
-0,38624077
0,69450238
0,66659129
-0,7287144
-0,50015887
-0,089433
0,19730225
0,9032138
0,89795637
0,16297928
-0,12147508
-0,59458054
-0,81405644
0,49789224
0,57704738
-0,17713062
-0,98293102
-0,9961567
0,38204109
0,98335485
0,99961846
-0,07276357
-0,74618797
-0,83597306
-0,90736906
-0,55671598
0,99342658
0,99826952
-0,15240492
-0,1974583
-0,19732627
-0,15204831
0,99824515
0,99337299
-0,55638777
-0,9070149
-0,83641182
-0,74691511
-0,07373846
0,99956693
0,9834935
0,38280766
-0,99635985
-0,98321068
-0,17921037
0,57864296
0,50031358
-0,81284854
-0,59247084
-0,11928308
0,16671197
0,89736862
0,90272298
0,20133842
-0,08719526
-0,49715482
-0,72604852
0,67035009
0,69746482
-0,38961269
-0,99999612
-0,97377065
0,48803514
0,99825466
0,90220011
-0,32488854
-0,94172922
-0,98672104
-0,51473002
-0,07342733
0,84037174
0,94420323
0,49226038
-0,1202961
-0,09447253
0,59038446
0,93117209
0,82002814
0,20415958
-0,22111275
-0,94757211
-0,97260234
-0,28260734
0,56381286
0,94898273
0,21926864
-0,63272118
-0,99569241
-0,543736
0,96095745
0,99633052
0,31008177
-0,35120696
-0,22651856
0,88987085
0,99151682
0,97275165
0,85577797
-0,47905101
-0,513034
0,63624079
0,97233976
0,77645799
-0,12803922
-0,71754713
-0,76714649
-0,67770629
0,19502577
0,75657489
0,71162371
-0,41533522
-0,39283226
-0,06006058
0,93295791
0,85355388
0,33801454
0,09853264
-0,92859124
-0,94104635
-0,0416364
0,15901423
0,49258224
0,69363631
-0,74373323
-0,75578173
0,51069761
0,99559132
0,89546937
-0,48503392
-0,99613864
-0,71021004
0,36640598
0,98514401
0,91785189
-0,03555398
-0,60666134
-0,8105722
-0,99785558
-0,77308609
0,67067128
0,66675845
-0,81349273
-0,9798085
-0,98668614
-0,8918666
-0,12406751
0,32027886
0,51179917
-0,74516213
-0,76976291
0,13673846
0,93668785
0,95819416
-0,00297546
-0,74758901
-0,82323185
-0,80468619
-0,34872285
0,89928677
0,96788674
0,34597905
-0,1387064
-0,05680945
0,65263699
0,92509131
0,83211887
0,42698171
-0,01739547
-0,72775674
-0,92817559
0,05794554
0,4359139
0,58425229
-0,47083702
-0,64086443
-0,64725824
0,13129828
0,66386358
0,99836398
0,6466656
-0,99422846
-0,99004394
0,26626831
0,22705183
0,05899757
-0,22207166
-0,93639572
-0,90000058
0,08976248
0,39743975
0,95736714
0,96138074
0,20477644
-0,46244954
-0,84262452
0,11161483
0,54737429
0,86503889
0,17125946
-0,70409146
-0,99628176
-0,65413508
0,92941709
0,92706666
-0,49230905
-0,35014201
-0,13575918
0,04283909
0,95733968
0,93765844
-0,22883809
-0,50500907
-0,98037201
-0,95788179
-0,22101282
0,46923724
0,85206674
-0,10714002
-0,54014927
-0,85122435
-0,13191242
0,68461135
0,99875555
0,65023279
-0,96629488
-0,96201199
0,37678347
0,273193
0,05115629
-0,24430019
-0,92506257
-0,89242758
-0,00193767
0,29530558
0,88147282
0,94911986
0,0578971
-0,40416312
-0,6388476
0,4545167
0,62314002
0,57827788
-0,26606611
-0,65096893
-0,97194726
-0,55091821
0,97498701
0,99513782
0,13165036
-0,15962016
-0,00649525
0,68433462
0,91921888
0,85983978
0,57367955
0,07620538
-0,47929632
-0,76926131
0,51923188
0,60338484
-0,04172054
-0,93176078
-0,94866657
0,12541506
0,86786611
0,90395024
0,50181208
-0,09616547
-0,74836595
-0,97743927
-0,69649886
0,57689796
0,55788216
-0,84130708
-0,96561264
-0,99585764
-0,89766796
0,14436515
0,3172115
-0,15386789
-0,99929407
-0,99677598
0,56578136
0,99999272
0,74438009
-0,38649729
-0,98890663
-0,76596549
0,30056477
0,925851
0,98168322
0,70832008
0,3855918
-0,96006866
-0,97782817
0,00794468
0,14445259
0,24736949
0,28551118
-0,99400334
-0,99709724
0,6442138
0,98976874
0,6966515
0,36517063
-0,39517635
-0,81664362
-0,77598222
0,16928335
0,63338109
0,53922238
-0,68950967
-0,38296646
0,17387338
0,87887351
0,97083351
0,98340582
0,80358983
-0,70142501
-0,70307631
0,78414417
0,99989447
0,86042272
0,72854765
0,14602329
-0,77389988
-0,97044375
-0,22192714
0,54609685
0,94748881
0,27158186
-0,69681121
-0,99944528
-0,61584284
0,99358778
0,98748991
-0,15210776
-0,20301314
0,04724592
0,68936
0,90847957
0,88839235
0,657348
0,08603705
-0,29894636
-0,48098379
0,8581459
0,86294292
-0,48072032
-0,99966512
-0,9350403
0,46758179
0,9963747
0,90859457
-0,26882938
-0,89738997
-0,94991443
-0,73256168
-0,36736503
0,94198673
0,97209756
0,11520997
-0,09764779
-0,11986847
0,04585574
0,98514024
0,96426784
-0,46140371
-0,83922745
-0,87216359
-0,80661257
-0,13804623
0,99619973
0,98844074
0,40322843
-0,99676287
-0,98432325
-0,1699168
0,550267
0,46019854
-0,83561432
-0,64597056
-0,1975491
0,03133907
0,92403945
0,92407104
0,03164001
-0,19719236
-0,64516266
-0,83506145
0,46173181
0,55118321
-0,17196013
-0,98464788
-0,99697732
0,40455823
0,9886745
0,99587824
-0,14073215
-0,80880541
-0,8736776
-0,83649332
-0,45791891
0,96305878
0,98459009
0,05182622
-0,11822349
-0,09573014
0,12227726
0,97120546
0,94021317
-0,36142717
-0,72699861
-0,95219565
-0,89980648
-0,27196699
0,90478134
0,99639821
0,46760113
-0,93160609
-0,99959823
-0,48523934
0,86836975
0,86375778
-0,47102228
-0,29476737
0,08695058
0,66489555
0,89005429
0,91034008
0,6961938
0,0454784
-0,20101927
-0,13751062
0,98930196
0,99516654
-0,61562788
-0,99960904
-0,69177303
0,26120966
0,94374742
0,54163735
-0,21285917
-0,96905697
-0,764089
0,15358982
0,73886676
0,86517621
0,99957121
0,78329252
-0,71641368
-0,71499375
0,80100395
0,97987028
0,97468125
0,88333655
0,17033742
-0,37583614
-0,67472226
0,55804372
0,64430714
0,14748766
-0,7895904
-0,82684832
-0,37343707
0,38778955
0,70011634
0,98692793
0,6377029
-0,99867618
-0,99606993
0,26094261
0,23457923
0,13259805
-0,01916047
-0,97445002
-0,95431707
0,36434208
0,68828137
0,98628035
0,93103313
0,30454071
-0,75053344
-0,98757116
-0,37625364
0,73128081
0,99999247
0,56449379
-0,99389792
-0,99982327
-0,18208795
0,32868
0,16612228
-0,89796747
-0,99258813
-0,95672267
-0,83671224
0,5839148
0,60007376
-0,70469503
-0,9797236
-0,74500376
-0,13051987
0,47126212
0,91649936
0,88168006
0,15159495
-0,95931622
-0,94190643
-0,0747271
0,62337091
0,55084583
-0,74929853
-0,45792828
0,08748382
0,60128695
0,86386563
0,92403068
0,70340995
-0,01632088
-0,16205023
0,17045171
0,99265502
0,96643048
-0,53390577
-0,96361785
-0,65627354
-0,30659345
0,54261211
0,63964724
0,49284415
-0,60555412
-0,40439688
0,02949279
0,94572213
0,85978338
0,25961974
-0,04776782
-0,88381688
-0,9199908
-0,28777056
0,03626614
0,25172789
0,33300426
-0,97278495
-0,97757264
0,64926428
0,99958095
0,6747182
-0,0907641
-0,82681363
-0,54523446
-0,15180628
0,82966402
0,45454515
-0,20278078
-0,95879455
-0,96886418
-0,46206894
-0,18042899
0,92611005
0,94968783
0,09592423
-0,11025512
-0,31944345
-0,44715376
0,94507604
0,9482177
-0,65669439
-0,99782015
-0,6911113
0,12590062
0,83863242
0,55311207
0,16256646
-0,81581565
-0,4484051
0,18035909
0,96093567
0,93886884
0,34897313
0,03184108
-0,88754043
-0,9296063
-0,27810303
0,04199949
0,20315672
0,20717121
-0,99582207
-0,99887194
0,63534141
0,9953102
0,66417114
0,19112364
-0,59818879
-0,66438748
-0,525917
0,53185327
0,44546106
0,10853683
-0,91599752
-0,6883603
0,0181657
0,48279179
0,8344676
0,93111362
0,68527204
-0,07765327
-0,15233822
0,40022784
0,96282727
0,87984998
-0,29669291
-0,76264748
-0,84863017
-0,78682996
-0,05734146
0,97529816
0,95325165
0,19146531
-0,80649769
-0,78991182
0,45038014
0,31055934
-0,10078573
-0,90233322
-0,99479701
-0,96388611
-0,80256912
0,71814195
0,72041033
-0,77374806
-0,99989665
-0,82685613
-0,65909141
-0,08041908
0,88642009
0,984455
0,34835334
-0,67514776
-0,99322657
-0,46492077
0,86615146
0,99449426
0,54284514
-0,80042572
-0,79388704
0,64497054
0,44198748
0,11458956
-0,12142486
-0,928504
-0,912922
0,01903826
0,2753349
0,80991408
0,92264059
-0,12150746
-0,4084659
-0,33860899
0,76620293
0,79670561
0,11829297
-0,73415625
-0,80027349
-0,65629992
-0,05113903
0,7578084
0,9755848
0,66511872
-0,57023871
-0,54624864
0,84552938
0,94986614
0,97725895
0,88700642
-0,29176782
-0,3930373
0,37723224
0,99259389
0,93700816
-0,51831378
-0,98992447
-0,6107223
0,15721436
0,92818264
0,53073567
-0,25162343
-0,97189142
-0,914714
-0,14994979
0,29357509
0,81331677
0,93534377
0,64139545
-0,1252951
-0,14770452
0,55401689
0,94248993
0,8213117
0,01820589
-0,43420786
-0,99738999
-0,95604389
-0,34618124
0,86119616
0,99829366
0,49086102
-0,94903016
-0,99947131
-0,44555169
0,75476395
0,74009036
-0,6678491
-0,43624439
-0,03909688
0,29641853
0,89146922
0,88514439
0,26400354
-0,06329017
-0,52696166
-0,76783562
0,58423534
0,63566573
-0,26047332
-0,99288354
-0,99984438
0,42032457
0,99021313
0,99111802
-0,14192028
-0,80284766
-0,8715164
-0,86011215
-0,49901943
0,97889205
0,99145706
-0,04630849
-0,1509888
-0,15069815
-0,04546553
0,99134182
0,97868555
-0,49808486
-0,85907063
-0,87253976
-0,80425779
-0,14389085
0,99054897
0,99040067
0,42164764
-0,999733
-0,99324608
-0,26486165
0,63956259
0,58963715
-0,76437029
-0,52220106
-0,05887745
0,27238638
0,88412922
0,89070579
0,30538992
-0,03482743
-0,42970183
-0,66056533
0,7479782
0,76148658
-0,4522535
-0,99932565
-0,94520918
0,49079919
0,998267
0,85475169
-0,34893496
-0,95800604
-0,99836386
-0,42014217
0,03473131
0,81815175
0,9425775
0,56471277
-0,15425347
-0,13220616
0,65115042
0,93650642
0,81264847
0,31275231
-0,13467135
-0,90597349
-0,97137191
-0,24268596
0,52316864
0,9218936
0,13983782
-0,60564438
-0,98773509
-0,50986154
0,92944685
0,99148943
0,39551554
-0,40680101
-0,31208043
0,88550703
0,97127874
0,94082961
0,84109215
-0,5687707
-0,58974416
0,67395991
0,97699269
0,75223298
-0,02248457
-0,6324314
-0,8131834
-0,75404564
0,0890919
0,81262382
0,7863779
-0,30671617
-0,41697842
-0,1484477
0,91732533
0,78977389
0,24806303
-0,01746391
-0,90594156
-0,92315579
-0,15840394
0,09539193
0,41806866
0,61873549
-0,81722866
-0,82193875
0,5575909
0,99410347
0,85020862
-0,4521798
-0,99103205
-0,65680418
0,33614507
0,98364904
0,86668785
-0,10470502
-0,68805911
-0,83749242
-0,99982071
-0,7722199
0,750519
0,74901776
-0,79395546
-0,95093192
-0,99820495
-0,90773349
-0,08197621
0,30640854
0,40578452
-0,81882369
-0,83156012
0,22887066
0,96326621
0,98515651
-0,09612433
-0,81382257
-0,86785174
-0,72711382
-0,25309848
0,86444127
0,95950868
0,44146288
-0,16714245
-0,09789106
0,71014293
0,93712415
0,83858918
0,52873384
0,04620729
-0,65246971
-0,90268642
0,15717927
0,45719665
0,48002439
-0,57657717
-0,68849566
-0,54773532
0,25047238
0,66710315
0,99019896
0,62040828
-0,99990647
-0,99910236
0,14410507
0,18161723
0,02723459
-0,33739455
-0,92311934
-0,87483635
-0,0340632
0,29483488
0,91349071
0,95909602
0,14716579
-0,43493885
-0,7792327
0,22637529
0,56349272
0,80125701
0,06529008
-0,67708842
-0,99937839
-0,6562476
0,96885645
0,96469623
-0,38320465
-0,28101805
-0,07866603
0,16968019
0,93915172
0,90978474
-0,10846353
-0,39934409
-0,94687984
-0,95861055
-0,17004896
0,43575522
0,79018113
-0,22365734
-0,55711982
-0,78266386
-0,02060387
0,661717
0,99994024
0,64322797
-0,991511
-0,98662457
0,25486865
0,21900921
0,01458398
-0,36325464
-0,91238115
-0,86999809
-0,13254023
0,19547394
0,81448448
0,93680328
-0,03063966
-0,40966721
-0,53449939
0,56787721
0,67573989
0,4654488
-0,39046692
-0,6713335
-0,9409077
-0,49140816
0,94433659
0,98632332
0,25377375
-0,17415999
-0,04427701
0,74293761
0,93666412
0,87647037
0,66186445
0,10821094
-0,40824516
-0,69334463
0,62837911
0,67571845
-0,15717285
-0,96376153
-0,98187476
0,21741037
0,91415739
0,94762676
0,38376222
-0,22841765
-0,73941408
-0,98683529
-0,72326273
0,66921518
0,66003316
-0,81884243
-0,92255641
-0,97560923
-0,89547384
0,24119044
0,37123249
-0,27180931
-0,99924109
-0,97796144
0,55459385
0,99931192
0,68749152
-0,33336061
-0,98085977
-0,69386795
0,31303445
0,94718751
0,99796156
0,60469788
0,27347306
-0,92908099
-0,9602685
-0,12988724
0,09039995
0,18538699
0,15054642
-0,99999987
-0,99842161
0,60228795
0,96828523
0,72225238
0,49126706
-0,26818281
-0,87612554
-0,849721
0,03938241
0,70393488
0,65190641
-0,58911236
-0,34505497
0,1435288
0,90423636
0,9920603
0,95110173
0,77942035
-0,79337349
-0,79376171
0,77315926
0,99178108
0,89820518
0,79932754
0,19562352
-0,69359359
-0,9555445
-0,13816825
0,51447849
0,90835305
0,17245778
-0,65611124
-0,99968702
-0,60543258
0,9996168
0,99871121
-0,00985015
-0,19360342
0,02140811
0,75454858
0,93018879
0,91053036
0,73303304
0,08527607
-0,25598692
-0,35204557
0,92019588
0,92503759
-0,53370204
-0,99865155
-0,88250449
0,46109187
0,99607113
0,84533536
-0,31170165
-0,93164127
-0,98207203
-0,62553128
-0,24823486
0,90569784
0,95544986
0,254782
-0,06936289
-0,08899088
0,18908094
0,96960025
0,92977662
-0,35882882
-0,75113168
-0,92072772
-0,86875064
-0,22125524
0,97256639
0,99476253
0,44939773
-0,99770534
-0,99620421
-0,28707068
0,63328208
0,58339873
-0,77518802
-0,5480435
-0,10498761
0,17982491
0,90056132
0,90064229
0,18035376
-0,1044936
-0,54658631
-0,7738749
0,5860074
0,63510398
-0,2903018
-0,99644242
-0,99736679
0,45101867
0,99495585
0,97105516
-0,22513595
-0,87167942
-0,92321432
-0,74502365
-0,35137135
0,92712811
0,96852807
0,19930524
-0,08772228
-0,06769326
0,26668238
0,95396507
0,90233698
-0,23602644
-0,61413138
-0,98468264
-0,93450292
-0,31502869
0,83711886
0,99587934
0,45871502
-0,87494362
-0,99856716
-0,53926648
0,93255235
0,92739214
-0,33230601
-0,25140218
0,0835627
0,74363866
0,91455279
0,93430465
0,76381569
0,01451638
-0,19378671
0,01621516
0,99948861
0,99855553
-0,60172383
-0,99925825
-0,64961745
0,1503036
0,89818927
0,5100801
-0,11790014
-0,95114427
-0,67545185
0,20459608
0,81358777
0,90727735
0,98756126
0,76828083
-0,81475403
-0,81453141
0,77118539
0,93958381
0,99567368
0,90917002
0,13153637
-0,33733792
-0,55756065
0,68216556
0,72493551
0,00202224
-0,86845209
-0,89289938
-0,22893605
0,52866182
0,73259622
0,95817104
0,58500309
-0,99515542
-0,99946708
0,10428282
0,16832337
0,07556997
-0,17726117
-0,95399855
-0,9174539
0,22992781
0,56459201
0,9998942
0,95283214
0,31274312
-0,66645714
-0,97608157
-0,30757034
0,66669667
0,99827395
0,54534676
-0,9659129
-0,99784845
-0,31701714
0,39852419
0,2851212
-0,89207817
-0,96128106
-0,89784711
-0,8049613
0,70372907
0,7097337
-0,73128451
-0,99105683
-0,73964088
-0,28964223
0,32724041
0,96487606
0,93138028
0,25653565
-0,9922511
-0,97488612
-0,21038939
0,71356125
0,68003235
-0,64830715
-0,37609711
0,11824014
0,70235236
0,88802348
0,94748017
0,7684981
-0,07229363
-0,18923191
0,31741375
0,98075836
0,92375494
-0,45091936
-0,91651691
-0,68876943
-0,46015354
0,39591096
0,71041188
0,6306904
-0,46637444
-0,42094736
-0,09036618
0,92564267
0,76816502
0,13738936
-0,21418117
-0,85895833
-0,9076568
-0,43382115
7,344E-05
0,19131041
0,17080162
-0,99560355
-0,99897824
0,63141217
0,99819633
0,65322009
0,06030228
-0,72655428
-0,57702048
-0,30673871
0,73764375
0,42083991
-0,12451618
-0,95625217
-0,91294669
-0,32258466
-0,01574868
0,89004188
0,92742457
0,26113758
-0,04567837
-0,23625585
-0,29279467
0,98377259
0,98848745
-0,64958462
-0,99989321
-0,66370264
-0,02494727
0,73985751
0,58589948
0,32069654
-0,71710316
-0,42304588
0,08925362
0,95368836
0,86669262
0,21208316
-0,14023461
-0,85719872
-0,91591229
-0,42855965
0,01251918
0,1534302
0,03461184
-0,99933282
-0,99318927
0,5866128
0,97511523
0,68005977
0,35724925
-0,4497857
-0,73762112
-0,66553471
0,37622221
0,48888947
0,25597772
-0,8697587
-0,58147466
0,09454192
0,61556131
0,85209263
0,95221347
0,75415407
-0,15175606
-0,2085961
0,52445188
0,95457625
0,83192382
-0,14659454
-0,63691892
-0,91156944
-0,86786757
-0,18036995
0,99888254
0,98112336
0,3125937
-0,89054309
-0,88202015
0,28542993
0,30724722
-0,0220677
-0,9174412
-0,99822421
-0,90341531
-0,76123781
0,82968854
0,82991373
-0,76060313
-0,99226932
-0,87321938
-0,76475973
-0,16779041
0,79805467
0,97833181
0,28458718
-0,6020129
-0,97925761
-0,3974214
0,79475341
0,99421684
0,5975203
-0,89137833
-0,8889841
0,51303543
0,33747875
0,03346971
-0,29601779
-0,90556794
-0,88234012
-0,16201614
0,14570108
0,70052269
0,88727263
-0,26997017
-0,46364741
-0,16364721
0,86454292
0,88025925
-0,04061431
-0,8354756
-0,87332524
-0,5078412
0,12407256
0,73197694
0,9861161
0,70795434
-0,69326466
-0,68452848
0,80871922
0,877105
0,92279706
0,8689298
-0,4373808
-0,49637817
0,496727
0,98508008
0,87675584
-0,44312789
-0,96524731
-0,58391949
0,01065049
0,8660775
0,48136599
-0,16432118
-0,96382554
-0,82806061
-0,02155387
0,46260384
0,81497124
0,95146293
0,72175168
-0,20988689
-0,22614893
0,65397996
0,9478441
0,79618621
0,20297292
-0,27431436
-0,99367246
-0,97305886
-0,36302885
0,77148393
0,99649862
0,47300385
-0,88459433
-0,99718534
-0,52977164
0,85628727
0,85238853
-0,53287006
-0,33424631
0,02745955
0,46169109
0,88177065
0,87364939
0,43440586
0,01855749
-0,41309541
-0,6596541
0,72703729
0,74539037
-0,38951843
-0,99971468
-0,97899349
0,4640694
0,99598629
0,94852808
-0,24275142
-0,88055117
-0,93278751
-0,74866832
-0,37039901
0,93826279
0,97184028
0,14385827
-0,09318342
-0,0927839
0,14514751
0,97157599
0,93781313
-0,36846968
-0,74646988
-0,93416178
-0,88201442
-0,2448975
0,94647173
0,99606013
0,46484229
-0,97726757
-0,99978914
-0,39490097
0,75144518
0,73427544
-0,65228951
-0,40666749
0,02325421
0,44601358
0,87330883
0,88187001
0,47386714
0,03123859
-0,32598286
-0,51858497
0,86169591
0,8652687
-0,53699336
-0,9969703
-0,87667325
0,46927418
0,99607312
0,76040511
-0,36312591
-0,9744806
-0,99062713
-0,25271225
0,22887062
0,79398577
0,94963884
0,66616031
-0,24112083
-0,22546648
0,73229533
0,95475893
0,81742802
0,48928075
-0,00191824
-0,81007593
-0,96113839
-0,14424449
0,47480492
0,85047605
-0,0211843
-0,58152578
-0,95739602
-0,42326327
0,86281372
0,98396879
0,51878372
-0,5219664
-0,47092986
0,86236755
0,90536749
0,85490732
0,79621387
-0,71664192
-0,72286351
0,71507562
0,9890745
0,7290501
0,17116349
-0,46556864
-0,89244072
-0,85797723
-0,08160782
0,90171007
0,8869949
-0,11280377
-0,48512043
-0,31622724
0,87271276
0,66523529
0,10924419
-0,21843729
-0,87471033
-0,90065085
-0,3493918
0,01358403
0,30684681
0,46226514
-0,91461569
-0,91743763
0,61052179
0,99489848
0,76993136
-0,36616849
-0,97072599
-0,57977061
0,25349176
0,97401512
0,76117152
-0,19388196
-0,79841961
-0,89280858
-0,98291143
-0,74914151
0,8681802
0,86815747
-0,73773443
-0,86937043
-0,9913602
-0,91964344
0,02060491
0,31484856
0,20978724
-0,91339534
-0,9220662
0,35862015
0,9885018
0,99943653
-0,22881054
-0,89664227
-0,93773652
-0,5700833
-0,06833045
0,81183518
0,95382105
0,57525882
-0,24678152
-0,19799269
0,77991334
0,96426352
0,8667417
0,67340225
0,12239587
-0,52768139
-0,83626804
0,33786349
0,52148619
0,2873212
-0,73209595
-0,78048888
-0,36261145
0,4464281
0,69798016
0,95416714
0,54734124
-0,97890164
-0,99501005
-0,06497951
0,13805956
0,00884273
-0,50782611
-0,91292446
-0,84502513
-0,24288243
0,13567038
0,81140025
0,94405763
0,01947886
-0,42042881
-0,64100171
0,4210291
0,6178882
0,66225483
-0,12962721
-0,65700555
-0,99666753
-0,63217563
0,99922577
0,99621605
-0,18137127
-0,19380807
-0,01705045
0,36717207
0,91620726
0,86890448
0,10279145
-0,22874118
-0,85803152
-0,94886646
-0,05225554
0,41204961
0,65435945
-0,42030182
-0,61355004
-0,63619094
0,17956396
0,65078153
0,98981049
0,60258173
-0,99694009
-0,99999917
0,04186561
0,16276349
-0,00903174
-0,53429681
-0,90576435
-0,8483868
-0,34120936
0,05270495
0,68550258
0,89884554
-0,2008501
-0,45256443
-0,33979049
0,73090007
0,77480303
0,26673107
-0,57982433
-0,72923928
-0,85648729
-0,36021764
0,88061454
0,97118338
0,42966485
-0,23471737
-0,14164352
0,80904336
0,96985712
0,91671547
0,772807
0,12241575
-0,31845165
-0,53545151
0,78265952
0,79629492
-0,31897719
-0,99122583
-0,99957713
0,33434891
0,96151819
0,99305311
0,19035934
-0,43605818
-0,75116272
-0,99897501
-0,73904786
0,80866811
0,80750466
-0,75599444
-0,81528581
-0,90415623
-0,87333931
0,41570438
0,48668628
-0,43429024
-0,99181847
-0,9190882
0,50258739
0,99014743
0,61328995
-0,21104184
-0,95283708
-0,58458386
0,29473397
0,96496935
0,9880489
0,42118954
0,06737362
-0,87717274
-0,93507156
-0,33885411
0,04144822
0,12165622
-0,07288757
-0,98922913
-0,96811634
0,50009191
0,8999621
0,78583434
0,66865926
-0,0694777
-0,95503231
-0,93172855
-0,15152394
0,81995447
0,80366516
-0,39693698
-0,32180052
0,05507978
0,92458102
0,99676495
0,85946536
0,71141849
-0,91000082
-0,91006099
0,72758646
0,94530357
0,95669601
0,87839823
0,23459293
-0,5677057
-0,91094349
0,02883883
0,49913213
0,81038473
-0,01586025
-0,61945478
-0,98800088
-0,55431443
0,97127349
0,99599925
0,20736163
-0,22044664
-0,06095644
0,82496886
0,96892285
0,95326146
0,8181869
0,04132645
-0,2279299
-0,12920493
0,97948015
0,98722787
-0,58078987
-0,99874943
-0,78577937
0,41191702
0,99056628
0,73021201
-0,33848279
-0,96242986
-0,9995323
-0,43553049
-0,03358723
0,85103233
0,9367103
0,45052916
-0,06829677
-0,08378551
0,39429234
0,94769791
0,86979331
-0,16340796
-0,5787302
-0,9799311
-0,93257075
-0,31237959
0,89661054
0,99774511
0,48231886
-0,95718526
-0,99986059
-0,43583593
0,76889234
0,75575299
-0,64171348
-0,40512396
0,00424388
0,39816346
0,87915291
0,87932407
0,39881842
0,00455406
-0,40324778
-0,63903997
0,7588169
0,77150196
-0,43931051
-0,99981355
-0,95527787
0,48294319
0,99778944
0,89276862
-0,31567842
-0,93490605
-0,98201249
-0,567965
-0,15048516
0,86603982
0,94677368
0,40675181
-0,08589574
-0,07001726
0,46468914
0,93571475
0,84719717
-0,01375918
-0,41766726
-0,99859939
-0,96418468
-0,3379947
0,71741195
0,98930388
0,40293004
-0,7740381
-0,99895157
-0,58322258
0,99152847
0,98394948
-0,09904731
-0,22847721
0,03137185
0,82746787
0,95939317
0,97440343
0,83238953
-0,07880725
-0,22915149
0,24133853
0,99402892
0,96260513
-0,5411039
-0,98340769
-0,61732083
-0,0537313
0,78666917
0,50171633
0,06535123
-0,89819548
-0,54432621
0,23675706
0,89053826
0,96718844
0,92868648
0,71211608
-0,93022315
-0,93006907
0,69016499
0,83105754
0,9911468
0,92616548
0,02564239
-0,32316205
-0,34314658
0,83586619
0,84830301
-0,19703887
-0,94690112
-0,97062662
-0,01783342
0,71129134
0,8070723
0,87158419
0,46181384
-0,95342399
-0,98336936
-0,13835319
0,11223546
0,03595027
-0,39856039
-0,92944932
-0,86270563
-0,00305931
0,36041449
0,97387971
0,96730852
0,27741055
-0,5518022
-0,93688494
-0,15797083
0,59420865
0,98237615
0,47296381
-0,89172081
-0,98897775
-0,48377627
0,53677382
0,48365091
-0,85819411
-0,8644384
-0,76228991
-0,72082227
0,85649477
0,85674198
-0,73624975
-0,99990739
-0,76535747
-0,51521761
0,11343029
0,99967089
0,97333848
0,37088108
-0,99220097
-0,99636819
-0,37759757
0,84668484
0,83895884
-0,45178352
-0,29101762
0,11323396
0,8111334
0,93798423
0,983999
0,82873841
-0,20285022
-0,27888839
0,5022474
0,96609171
0,84792598
-0,28005308
-0,7974538
-0,76769136
-0,664438
0,16396446
0,82764158
0,80060904
-0,23113725
-0,49140423
-0,29963386
0,8668513
0,61208129
-0,01061687
-0,44707189
-0,84638039
-0,91076836
-0,61337633
-0,00124037
0,15035049
-0,08075878
-0,99662229
-0,98157877
0,56148521
0,97217688
0,66119161
0,30184945
-0,53164953
-0,66225115
-0,53472911
0,55231815
0,41867196
0,03930157
-0,9345399
-0,78559764
-0,13029835
0,23766606
0,85083496
0,90984122
0,4798195
-0,00126943
-0,15818226
-0,04069214
0,99984405
0,99541339
-0,59610377
-0,98369346
-0,66301492
-0,26857785
0,54619641
0,67259103
0,54996482
-0,5224616
-0,43508023
-0,09136872
0,92228928
0,72320408
0,03713598
-0,38693684
-0,83665249
-0,91694812
-0,61042479
0,02445651
0,13349458
-0,2161277
-0,9830017
-0,94375922
0,46622056
0,90213768
0,74105353
0,58450113
-0,2129646
-0,85435233
-0,82857232
0,12966125
0,5941347
0,48442187
-0,75738949
-0,43881577
0,15387538
0,76405425
0,9015134
0,98621535
0,81414779
-0,30682987
-0,3399013
0,65957072
0,95875663
0,78131074
0,10350701
-0,41902313
-0,98143559
-0,94172195
-0,31389035
0,97698181
0,99703424
0,44194199
-0,97676357
-0,96535327
0,02926761
0,35702677
0,14303934
-0,91573471
-0,95014603
-0,76030409
-0,65617264
0,94636933
0,94680079
-0,70101884
-0,93555185
-0,94562628
-0,8704736
-0,24173844
0,65136693
0,95166255
0,13716507
-0,53067383
-0,92825243
-0,24524721
0,69981184
0,99862791
0,62956703
-0,97899746
-0,97331267
0,27625807
0,22577419
-0,02995475
-0,51925629
-0,89419307
-0,86047711
-0,41217443
-0,00281807
0,53063361
0,79497963
-0,49969444
-0,58602342
0,08602751
0,9544908
0,9709587
-0,23591874
-0,93109737
-0,96207435
-0,27082764
0,38236378
0,73458656
0,99950985
0,72657477
-0,8537815
-0,85337588
0,7116568
0,71880953
0,78713089
0,80739383
-0,65016225
-0,66784203
0,61826875
0,98256982
0,7840448
-0,27914261
-0,88501947
-0,59427441
-0,2336318
0,72143681
0,46126527
0,01565466
-0,93010407
-0,6730226
0,11644469
0,66554824
0,85136898
0,98311168
0,79081687
-0,3784617
-0,38702221
0,74771558
0,97153063
0,79625475
0,45757611
-0,06100948
-0,92674949
-0,98017633
-0,32852043
0,64033526
0,98357058
0,39085093
-0,7732931
-0,99727235
-0,59765418
0,96284161
0,95703801
-0,29076858
-0,23383025
0,06206754
0,65280263
0,89703764
0,88731024
0,63523275
0,07653696
-0,28658428
-0,44857544
0,8844447
0,88831362
-0,52074411
-0,99848363
-0,89700742
0,46997061
0,9967524
0,83765634
-0,32920605
-0,94534264
-0,99228108
-0,53980031
-0,13534623
0,86845139
0,94455383
0,39316647
-0,07315542
-0,07273445
0,39467879
0,94424537
0,867923
-0,13201117
-0,53609102
-0,99300538
-0,94621721
-0,33015032
0,83333761
0,99663031
0,46847504
-0,89252296
-0,99840999
-0,52491814
0,89464621
0,89076244
-0,43518719
-0,28126113
0,07815018
0,64678585
0,88933253
0,89962164
0,6645149
0,06112203
-0,22798881
-0,2673956
0,96321549
0,96936657
-0,60130435
-0,99754626
-0,76215269
0,37846725
0,98084055
0,62711713
-0,32032628
-0,98006135
-0,91394855
-0,03647182
0,48833807
0,79939477
0,97554392
0,75608688
-0,41397816
-0,40617146
0,79711069
0,9873826
0,86031516
0,69207019
0,13229304
-0,64565163
-0,92052206
0,05296623
0,46410529
0,6878192
-0,28086565
-0,60238174
-0,86214525
-0,23959139
0,76723282
0,98376054
0,63522796
-0,70416486
-0,69178504
0,78787182
0,75050183
0,67706332
0,68125732
-0,88407897
-0,88432507
0,72394925
0,99995342
0,74288945
0,44218945
-0,21222458
-0,9776562
-0,94662368
-0,27692881
0,98538856
0,96870145
0,14787223
-0,62588274
-0,56132459
0,75888884
0,48505196
-0,03475233
-0,47800515
-0,86045834
-0,89709829
-0,57563834
-0,03485541
0,20316929
0,19472383
-0,98712826
-0,99272795
0,62836998
0,99979991
0,67564925
-0,18159725
-0,8997637
-0,51920983
0,07317879
0,93498643
0,60126281
-0,25218184
-0,89577367
-0,96758521
-0,89836287
-0,66517982
0,97371592
0,97295822
-0,60118909
-0,69170527
-0,91305578
-0,90707269
0,2215327
0,39337947
-0,07133228
-0,98332133
-0,99411621
0,47773759
0,99891836
0,94865974
-0,35196252
-0,96003774
-0,99635965
-0,31939188
0,21701238
0,77047999
0,96655333
0,70120674
-0,4145551
-0,39045174
0,82732588
0,99667771
0,92939096
0,81365821
0,15809711
-0,38390139
-0,68165689
0,59079289
0,65771446
0,01009991
-0,88707301
-0,90720136
-0,09530013
0,68316089
0,78482887
0,84032092
0,38009401
-0,90622265
-0,97165017
-0,33615082
0,15060224
0,05791306
-0,68534228
-0,92815314
-0,84084542
-0,50791144
-0,03781533
0,63382212
0,8891408
-0,21227983
-0,46787851
-0,39014367
0,66812259
0,73701648
0,41363308
-0,41154538
-0,68533922
-0,95448293
-0,53725059
0,97249465
0,99338737
0,11370012
-0,14176002
-0,00620447
0,59142186
0,91190697
0,84179148
0,38935236
-0,02879069
-0,68629546
-0,90461987
0,17051655
0,44858533
0,40476826
-0,66949987
-0,73583439
-0,37986764
0,46089341
0,69301793
0,92814201
0,48127711
-0,94283352
-0,98489969
-0,24618171
0,15998394
0,03593049
-0,70774698
-0,9279787
-0,85829946
-0,58864341
-0,08295376
0,50023054
0,79447426
-0,4622014
-0,57242537
-0,05173643
0,89093554
0,90809904
-0,00338119
-0,78645974
-0,84081174
-0,66726984
-0,11495333
0,79475653
0,96438155
0,60946026
-0,38503883
-0,33690534
0,84909413
0,99958719
0,97654301
0,86421243
0,06304152
-0,26287854
-0,26094247
0,92774429
0,93450863
-0,47602271
-0,99994285
-0,94677434
0,42361437
0,9881362
0,98269736
-0,04700047
-0,67702946
-0,81514409
-0,98402469
-0,70543892
0,94810862
0,94704209
-0,60485303
-0,60890147
-0,73501803
-0,79570449
0,65943316
0,67779244
-0,5899805
-0,98511053
-0,81064039
0,35904247
0,9394178
0,56678591
0,02331999
-0,86380723
-0,47685492
0,19151172
0,9657418
0,89489662
0,17137152
-0,23767452
-0,82832874
-0,92422452
-0,57259311
0,05593617
0,11434591
-0,35709136
-0,96081079
-0,88908286
0,28789144
0,72937672
0,8943481
0,84339097
0,16132629
-0,99999341
-0,98458622
-0,35458533
0,94907048
0,93810912
-0,0980553
-0,36834661
-0,13849737
0,91908257
0,92561016
0,66208446
0,54964075
-0,99209397
-0,99257224
0,60042978
0,80272246
0,99969782
0,93280133
0,20579062
-0,43235534
-0,78905418
0,30228036
0,55030712
0,60027038
-0,30779374
-0,63456547
-0,92259713
-0,41110394
0,88249932
0,97845466
0,45514213
-0,3357163
-0,24609354
0,86684062
0,99991464
0,99702088
0,87640786
-0,09988224
-0,27268551
0,17408414
0,99985731
0,98891894
-0,5742864
-0,99928319
-0,66338141
0,2662913
0,95957521
0,58102128
-0,29313354
-0,97470233
-0,94054251
-0,17383025
0,2782222
0,80838743
0,93914481
0,64888614
-0,15256199
-0,1625967
0,60909061
0,94097494
0,80850733
0,14407077
-0,31063899
-0,99434676
-0,97112291
-0,35452515
0,74656815
0,99428521
0,44944788
-0,84333138
-0,99721153
-0,56186425
0,92387932
0,91972327
-0,38617847
-0,26358013
0,06990526
0,63580959
0,89057755
0,89086535
0,63634622
0,06951011
-0,26196871
-0,38151729
0,92195388
0,92617731
-0,56423111
-0,9971608
-0,83959268
0,4472289
0,99397497
0,74052112
-0,35467583
-0,97211026
-0,99260547
-0,29593272
0,16226053
0,80602747
0,94185454
0,6198098
-0,17203255
-0,16178372
0,66075481
0,94061928
0,80758298
0,30360609
-0,15279836
-0,93013217
-0,97447511
-0,28304691
0,56780527
0,95345254
0,24468839
-0,6519932
-0,9985152
-0,56769002
0,98288472
0,99926039
0,20957456
-0,28595601
-0,12477953
0,88033898
0,99919076
0,99964502
0,86824927
-0,28026262
-0,36002536
0,48749534
0,97616477
0,86589678
-0,37911711
-0,90369061
-0,64525408
-0,35945096
0,55447088
0,56851581
0,35513644
-0,75652238
-0,41454778
0,18936193
0,93826814
0,99937217
0,76191471
0,56262556
-0,99823371
-0,99789686
0,50299969
0,61030401
0,89612976
0,91202266
-0,19405091
-0,39164445
-0,02509755
0,95802192
0,97014841
-0,39301705
-0,99047897
-0,9965117
0,21005043
0,87575908
0,9216973
0,66864875
0,21585913
-0,86531229
-0,95477228
-0,42674236
0,13047441
0,07756893
-0,62680058
-0,92772512
-0,82298792
-0,32749629
0,10286838
0,84902715
0,96052524
0,13945845
-0,45698817
-0,81768112
0,11345843
0,56783788
0,90674795
0,29074519
-0,77420779
-0,9863086
-0,62496316
0,74591768
0,73725514
-0,75123167
-0,65999701
-0,52409482
-0,52761586
0,97645422
0,97825866
-0,67500043
-0,96099355
-0,85033662
-0,75016531
-0,1226483
0,95288123
0,99159273
0,43505532
-0,90356116
-0,99991219
-0,51667047
0,9722635
0,9633514
-0,13381473
-0,2667708
0,00997788
0,88577578
0,99383912
0,99619485
0,85007543
-0,44032616
-0,47183017
0,66593697
0,96903195
0,76662321
0,01807823
-0,55410833
-0,89562556
-0,85661061
-0,11788693
0,95739068
0,9392775
0,08286637
-0,65051618
-0,58896334
0,71341009
0,41841781
-0,11986735
-0,68814008
-0,88044784
-0,95008236
-0,7680572
0,09594815
0,19444637
-0,38228248
-0,97251118
-0,89622538
0,38174595
0,86136803
0,74151522
0,6015804
-0,22460511
-0,81487496
-0,78294236
0,2430602
0,50459494
0,31915928
-0,85478336
-0,57743548
0,05729966
0,53808278
0,84760758
0,92657289
0,69036312
-0,043906
-0,15278593
0,28395679
0,97904317
0,92716649
-0,43890488
-0,89201631
-0,73443641
-0,5758438
0,23849594
0,82535422
0,79464364
-0,20651882
-0,53837262
-0,38331296
0,82089736
0,51529952
-0,11201137
-0,65210559
-0,86396713
-0,95384016
-0,76416012
0,14128598
0,20891552
-0,4919827
-0,95881564
-0,84641995
0,21773185
0,71048562
0,86309596
0,80972129
0,07867856
-0,97323996
-0,95206731
-0,17315978
0,774043
0,75176227
-0,51748638
-0,31826804
0,12884619
0,87572436
0,9754995
0,99476254
0,82890575
-0,56101997
-0,57125602
0,75305014
0,98624696
0,77517506
0,43525005
-0,12470455
-0,98910709
-0,98058689
-0,39325021
0,85820351
0,99974592
0,51859634
-0,99147468
-0,99949527
-0,27876017
0,50948081
0,4204316
-0,86574609
-0,78753069
-0,50490379
-0,42649964
0,99997787
0,99998679
-0,5371331
-0,76108951
-0,99957104
-0,93694975
-0,23528252
0,48102909
0,85759961
-0,1390611
-0,52366102
-0,77576654
0,03909215
0,63246622
0,99265445
0,58627958
-0,99067127
-0,99947783
-0,06990138
0,17689695
-0,00544739
-0,72559843
-0,9248758
-0,884826
-0,66918202
-0,10027237
0,34347824
0,58151608
-0,76743988
-0,7817552
0,35396455
0,99663126
0,9938726
-0,40075752
-0,98372908
-0,99763607
0,01974239
0,67075248
0,80660928
0,97320605
0,67327063
-0,98124639
-0,97900861
0,49145109
0,46120809
0,54466744
0,64351323
-0,87338267
-0,87415358
0,68743483
0,99547457
0,70132278
0,02020674
-0,68032495
-0,69036025
-0,5553612
0,43931781
0,53167349
0,31754307
-0,8196283
-0,47557723
0,19294566
0,83651014
0,93488023
0,9972762
0,80881414
-0,638424
-0,64040268
0,79057039
0,99961642
0,85843572
0,71751102
0,14103349
-0,75256935
-0,96414404
-0,17765043
0,51826539
0,91817008
0,18193037
-0,65095596
-0,99922596
-0,59409915
0,99664558
0,99987627
0,06214788
-0,20791978
-0,00622468
0,80648908
0,9539423
0,94550282
0,80125169
0,0385879
-0,21925354
-0,10592628
0,98587442
0,99296389
-0,59347209
-0,9990043
-0,74814409
0,37488959
0,98334784
0,6586833
-0,33352478
-0,97500981
-0,97327896
-0,23531036
0,2183613
0,80662657
0,9402219
0,63339538
-0,16145008
-0,16112067
0,63470557
0,94016988
0,80664386
0,2228301
-0,2307603
-0,97140678
-0,9751077
-0,33139706
0,65311279
0,98222668
0,36867303
-0,74198824
-0,99917141
-0,59376355
0,99495867
0,98813672
-0,08670014
-0,21974595
0,03261312
0,80878947
0,94986289
0,95857404
0,81358029
-0,01736709
-0,21079903
0,09176603
0,99998762
0,99370602
-0,58890213
-0,99842665
-0,64292404
0,1548009
0,90627684
0,51092558
-0,15389294
-0,95990967
-0,72862517
0,15863202
0,74287994
0,86972722
0,99996643
0,7897834
-0,67567469
-0,67418636
0,8054438
0,99298897
0,94779358
0,85351769
0,19304456
-0,44857406
-0,79136658
0,3717004
0,55309342
0,38198236
-0,60727307
-0,71488223
-0,63041066
0,08396009
0,69388054
0,99802154
0,68942799
-0,90659302
-0,90562838
0,59644781
0,49171031
0,40560542
0,42916554
-0,99097462
-0,99315386
0,64839976
0,95449593
0,83164822
0,72428799
0,07810149
-0,987888
-0,98867813
-0,42372404
0,98016718
0,99908631
0,40671441
-0,83125808
-0,82339768
0,50626798
0,30757981
-0,10626463
-0,72266564
-0,90083651
-0,94061388
-0,76547344
0,02558011
0,18518021
-0,17077962
-0,99546597
-0,9728866
0,55284449
0,98085362
0,63040218
0,14282695
-0,70302133
-0,5444231
-0,24247234
0,80523987
0,44053839
-0,2064873
-0,94649112
-0,99622069
-0,67559255
-0,45334759
0,99361175
0,99549637
-0,31910263
-0,40627054
-0,70561892
-0,82824929
0,53034544
0,58503028
-0,37631321
-0,99947237
-0,96641797
0,52036507
0,99942254
0,79418175
-0,3940293
-0,98555206
-0,9580795
-0,01639951
0,55796689
0,7946476
0,99674461
0,76655144
-0,67651915
-0,67203061
0,81404465
0,97094092
0,99558879
0,90042625
0,07819296
-0,29752615
-0,37638267
0,84562118
0,85518297
-0,29009435
-0,9793974
-0,99759608
0,19310213
0,88133338
0,92196361
0,58083358
0,06344314
-0,80361846
-0,95671166
-0,59437912
0,2888095
0,23998856
-0,80810952
-0,97836849
-0,89847226
-0,75142968
-0,1450659
0,41933782
0,72739916
-0,54389511
-0,6259623
-0,02895954
0,88618343
0,9053524
0,06663908
-0,71669583
-0,80051246
-0,79242176
-0,30292523
0,86934813
0,9650606
0,44227651
-0,2033522
-0,12120684
0,76918305
0,95320797
0,87431962
0,67739125
0,11981387
-0,45741958
-0,76321944
0,50306376
0,59886579
0,04044979
-0,88851691
-0,9066561
-0,03141096
0,75298151
0,82024374
0,73312689
0,21228084
-0,83045408
-0,9622263
-0,53584803
0,28354938
0,21723018
-0,82297475
-0,98267057
-0,92655244
-0,79613055
-0,12944258
0,3233406
0,54818594
-0,76192499
-0,77951594
0,27092646
0,98299601
0,99842138
-0,27230938
-0,93461309
-0,96930365
-0,34137223
0,25863953
0,74493345
0,98578038
0,72739509
-0,6428016
-0,63231845
0,82596793
0,94771215
0,99306013
0,90162704
-0,13807512
-0,32075298
0,11706482
0,99705764
0,9996867
-0,55789386
-0,99990917
-0,79067523
0,41390025
0,9919207
0,84590467
-0,24691506
-0,87011178
-0,93292493
-0,85837159
-0,55856263
0,99863676
0,99977674
-0,29775672
-0,32159551
-0,46241896
-0,59013038
0,89618077
0,8972671
-0,67432335
-0,99567149
-0,69990754
0,06124569
0,76539012
0,61810249
0,38225221
-0,63297848
-0,45117351
-0,06157693
0,92320987
0,68024479
-0,07010698
-0,58078617
-0,83791343
-0,95774954
-0,75408942
0,20766829
0,23957846
-0,62031015
-0,94989522
-0,79862027
-0,07493596
0,41402027
0,99299668
0,95231776
0,34028505
-0,92372937
-0,99882192
-0,4903178
0,9972357
0,99744532
0,25790196
-0,54131636
-0,45968217
0,84755953
0,71397225
0,35633294
0,22828544
-0,98036295
-0,97722314
0,31947906
0,51525727
0,93357017
0,94264083
0,03429554
-0,37159446
-0,51188653
0,64531574
0,71068552
0,24515822
-0,65192222
-0,75082937
-0,7169072
-0,1099797
0,76392812
0,97597409
0,65190633
-0,57613055
-0,55096241
0,84520058
0,93585521
0,9579266
0,87619184
-0,38299286
-0,45264422
0,47982353
0,98435776
0,88326524
-0,4455411
-0,96183832
-0,58871974
-0,03689482
0,83367537
0,47422926
-0,10123022
-0,95352217
-0,74765094
0,08285988
0,61872868
0,8349607
0,97990423
0,78068565
-0,38033675
-0,38452133
0,75964154
0,97417413
0,80780841
0,51681276
-0,00439881
-0,8744771
-0,97605221
-0,27075291
0,56521658
0,95662878
0,27674713
-0,68392803
-0,99999642
-0,59844945
0,99994686
0,99761516
0,00670793
-0,21391312
0,00713416
0,81317772
0,95534876
0,95564769
0,81333642
0,00538252
-0,21363221
0,01289551
0,99797892
0,99984365
-0,59822932
-0,99999971
-0,6804728
0,26922881
0,95405255
0,56022432
-0,2644672
-0,97556026
-0,8655848
0,00927404
0,53512064
0,81031686
0,97696775
0,76466045
-0,40356856
-0,39942561
0,78611605
0,98313264
0,84109259
0,64112038
0,0982221
-0,72634438
-0,94858795
-0,07486538
0,47020163
0,81284467
-0,07518085
-0,58752953
-0,95171758
-0,42114553
0,86665388
0,98283514
0,50817112
-0,48351706
-0,42414213
0,8705614
0,94114582
0,91446602
0,83458487
-0,59687611
-0,61573647
0,67067296
0,97850751
0,75086346
-0,05157249
-0,66976037
-0,77777794
-0,70042832
0,18047877
0,74579007
0,69834214
-0,44797955
-0,37703083
-0,01374836
0,93846529
0,90269381
0,45018321
0,24662533
-0,96316728
-0,96810451
0,14734039
0,29296848
0,65573269
0,81752763
-0,53523365
-0,5928362
0,32787829
0,99976683
0,98610595
-0,5028183
-0,99920004
-0,88534869
0,36326385
0,96533311
0,99981562
0,32350471
-0,17956117
-0,78554374
-0,95527563
-0,6690498
0,29889301
0,27316436
-0,78379512
-0,9722304
-0,85642075
-0,65999966
-0,11620344
0,60800098
0,89453749
-0,16182139
-0,47075325
-0,53272514
0,49540643
0,65788691
0,67825375
-0,05813396
-0,68189544
-0,99946333
-0,67566399
0,94851656
0,94595961
-0,48794153
-0,37145168
-0,23182694
-0,16298484
0,99194511
0,98482093
-0,47203882
-0,77570416
-0,96973752
-0,9108619
-0,28549947
0,76920548
0,98745121
0,37148573
-0,72178922
-0,99979933
-0,55393075
0,98408378
0,99986047
0,25730066
-0,38518544
-0,25509035
0,89680826
0,96153049
0,88176205
0,78778963
-0,7521184
-0,75505634
0,74431774
0,99679297
0,75457473
0,423366
-0,1876945
-0,99706216
-0,96613941
-0,35359634
0,99195778
0,99600672
0,38515315
-0,87332441
-0,86654126
0,38595753
0,28108267
-0,09816622
-0,85465404
-0,96603967
-0,99909445
-0,84359009
0,35214398
0,39305762
-0,63720737
-0,9635302
-0,78251982
0,02888596
0,57955721
0,89804358
0,85764609
0,13165154
-0,97216235
-0,95264502
-0,14517014
0,71266398
0,67517845
-0,62919079
-0,35899997
0,14135888
0,7864349
0,91832526
0,98412224
0,8202434
-0,24899738
-0,30208622
0,58460738
0,95888003
0,80742996
-0,10662137
-0,63123333
-0,88827931
-0,84416276
-0,12065837
0,97730782
0,9568826
0,17622903
-0,75524058
-0,72946295
0,55867825
0,32826581
-0,13880411
-0,84422851
-0,95287627
-0,9995559
-0,83525611
0,41588657
0,44075426
-0,69893693
-0,96830039
-0,76649556
-0,18823029
0,35876643
0,98697258
0,94915895
0,3251237
-0,98072554
-0,99699576
-0,43225938
0,95927974
0,94929077
-0,11463196
-0,31942308
-0,06270917
0,91665399
0,98699164
0,87068916
0,74709362
-0,84972659
-0,84983747
0,75344934
0,99184532
0,86232782
0,74889653
0,15117537
-0,84187826
-0,98395257
-0,33534861
0,65876652
0,99247393
0,46706162
-0,8700273
-0,99376101
-0,5369943
0,76646203
0,75658716
-0,69098413
-0,50025965
-0,19119662
-0,02348089
0,95551872
0,94381212
-0,19280396
-0,42980293
-0,92101461
-0,94770303
-0,06350245
0,38771695
0,59977182
-0,52990103
-0,6506367
-0,44212543
0,44677218
0,6762747
0,89375417
0,38838595
-0,88190851
-0,97505207
-0,44193459
0,28275062
0,1887353
-0,84482759
-0,99003471
-0,96604089
-0,84396318
-0,05042241
0,24510267
0,18927554
-0,95959683
-0,96740619
0,54095079
0,99926351
0,86911689
-0,44777465
-0,99478037
-0,87860626
0,25855857
0,88468685
0,94186198
0,79883773
0,46857062
-0,97867005
-0,98952324
0,09154454
0,18014663
0,25820548
0,29545525
-0,99482275
-0,99760091
0,6422456
0,98487673
0,71453765
0,43875051
-0,30622332
-0,87473736
-0,8467012
0,02871763
0,73088623
0,68828071
-0,53578791
-0,33806318
0,11457023
0,92220718
0,99999794
0,88432821
0,72077334
-0,90363891
-0,90366419
0,7303855
0,93885432
0,96930302
0,89030497
0,2275061
-0,50957657
-0,86945944
0,15370379
0,5067101
0,69805364
-0,20106071
-0,61398283
-0,94527121
-0,44186673
0,89497215
0,98183012
0,43687223
-0,34539526
-0,25176824
0,87268831
0,9996496
0,99998559
0,87887446
-0,17699976
-0,30825416
0,30729125
0,99409929
0,95430483
-0,53544214
-0,98991627
-0,61245488
0,09761827
0,89313563
0,49941825
-0,16894833
-0,96400293
-0,78762683
0,07043825
0,60791149
0,82873446
0,98270511
0,77991231
-0,42014274
-0,41999843
0,78068253
0,98293664
0,82995801
0,61179428
0,07363203
-0,7822142
-0,96291146
-0,16148004
0,49625308
0,88752983
0,0841701
-0,60918229
-0,98810208
-0,52833266
0,94844283
0,99307981
0,32595457
-0,31942394
-0,19437246
0,88046732
0,99979946
0,99850256
0,87299325
-0,2767377
-0,36259555
0,46186534
0,97990247
0,88238989
-0,41990103
-0,93357862
-0,61920977
-0,2427731
0,66556222
0,51612482
0,19623284
-0,85051447
-0,48647219
0,22568112
0,90207963
0,97949852
0,91813858
0,71163264
-0,9280357
-0,92794068
0,69725057
0,85296804
0,99817515
0,9263616
0,08494722
-0,33125728
-0,47477272
0,73925024
0,76851084
-0,03812233
-0,88011818
-0,90484331
-0,23357231
0,51024092
0,73116777
0,9709142
0,61576199
-0,99990291
-0,99948193
0,21076115
0,21384635
0,13722786
-0,00258448
-0,97931327
-0,960763
0,40138911
0,73599916
0,96698657
0,91176071
0,28860215
-0,82964696
-0,99365291
-0,43229143
0,82252487
0,99927075
0,56121444
-0,98987954
-0,9814666
0,07608786
0,25028189
-0,00568002
-0,8680814
-0,98498452
-0,99897191
-0,85623017
0,27236314
0,34351492
-0,52442178
-0,96970543
-0,84118584
0,29681676
0,83147285
0,71633216
0,56348279
-0,31680513
-0,71346413
-0,64296871
0,48302979
0,39480443
0,02944287
-0,93743037
-0,85507832
-0,30998977
-0,04725865
0,91286377
0,93202385
0,12985638
-0,10527717
-0,39984004
-0,58715091
0,85097994
0,85367314
-0,59229741
-0,99293872
-0,80588981
0,40390589
0,97844484
0,59503136
-0,26543554
-0,97517081
-0,75084794
0,21780184
0,83113438
0,91255912
0,95972526
0,71606561
-0,93147078
-0,93113527
0,67151985
0,76503406
0,94025095
0,90914616
-0,19542028
-0,37449682
0,07113896
0,98589181
0,99581523
-0,4968451
-0,99966798
-0,92567944
0,38375933
0,97463908
0,9993169
0,18198831
-0,38660542
-0,76562268
-0,98569349
-0,74579436
0,58757585
0,57666239
-0,83073715
-0,98809585
-0,98997183
-0,8899261
-0,08118843
0,28981142
0,36420544
-0,86114874
-0,8691863
0,334438
0,98840031
0,99988793
-0,26490881
-0,92400895
-0,96141318
-0,43433925
0,12148679
0,76550191
0,96796219
0,68567415
-0,44839906
-0,42040625
0,84142627
0,99998269
0,97006868
0,86271831
0,10609362
-0,29114944
-0,42232591
0,83825293
0,84713311
-0,33101604
-0,98957119
-0,99975728
0,29032532
0,93911098
0,97499637
0,35038903
-0,23224799
-0,75138856
-0,9801093
-0,7206636
0,57492477
0,55939249
-0,83761793
-0,98035699
-0,9993392
-0,89774977
0,01330913
0,27999318
0,11138936
-0,96438054
-0,97376407
0,50461022
1
0,91901046
-0,42290919
-0,98827246
-0,97652762
0,04142647
0,66196045
0,81205756
0,9913812
0,72415144
-0,91517858
-0,91482479
0,66561391
0,69919637
0,83226602
0,85082383
-0,50594234
-0,55585689
0,47839087
0,99057892
0,89834719
-0,4833272
-0,98745118
-0,60661025
0,21407424
0,95639934
0,60182597
-0,2973291
-0,95761902
-0,99820738
-0,52997588
-0,20698539
0,91656356
0,95130223
0,1706373
-0,07674261
-0,19433276
-0,17725669
0,99935729
0,99988273
-0,61860052
-0,98174921
-0,69581067
-0,39002482
0,38623102
0,80465056
0,76161692
-0,20818837
-0,59508826
-0,47474134
0,74549123
0,41968286
-0,17633723
-0,83302144
-0,9372311
-0,99990354
-0,82159364
0,53456318
0,54256293
-0,76677284
-0,9877844
-0,79631066
-0,52386455
0,02552989
0,93644518
0,98344292
0,36214684
-0,70584345
-0,99481345
-0,46912532
0,87194198
0,99549624
0,53887222
-0,82098897
-0,81577561
0,60839769
0,40037181
0,05681512
-0,24627112
-0,90644691
-0,89030404
-0,14503531
0,14814012
0,67610413
0,87070044
-0,33337242
-0,48888337
-0,05855356
0,91560287
0,92952913
-0,16871049
-0,90756222
-0,93723294
-0,31538859
0,3518233
0,72620584
0,99966438
0,72001381
-0,87333736
-0,87302074
0,68551229
0,66717061
0,71598733
0,75790058
-0,75374125
-0,75947242
0,67093604
0,98696109
0,73296166
-0,10521467
-0,76170492
-0,66460771
-0,48376569
0,4976107
0,52664354
0,29001586
-0,82622361
-0,47663482
0,20247371
0,85689702
0,94789752
0,98777631
0,79439524
-0,7293302
-0,72970805
0,78939662
0,9949277
0,91232626
0,81386894
0,20067025
-0,60509696
-0,91883852
0,02705567
0,48396712
0,77324578
-0,10836464
-0,60192823
-0,96019116
-0,46250029
0,90340488
0,98445581
0,42710229
-0,36124815
-0,26677789
0,87775438
0,99690752
0,99679355
0,8773984
-0,27023906
-0,36320035
0,4324018
0,98391759
0,90056468
-0,45760201
-0,9576034
-0,6028781
-0,12215644
0,76343045
0,48556565
0,04253353
-0,91384546
-0,59273177
0,20581264
0,82449362
0,919263
0,9920335
0,78583811
-0,75131929
-0,75101794
0,79021601
0,98227831
0,95674665
0,8676004
0,20121434
-0,45657325
-0,80540992
0,331833
0,54139149
0,45387641
-0,52794988
-0,68156822
-0,72627921
-0,05557077
0,72109529
0,98972309
0,68059174
-0,79601444
-0,79286721
0,73016856
0,67185796
0,61859225
0,6473413
-0,90500827
-0,90547389
0,71628265
0,99977805
0,7351731
0,42251583
-0,24587786
-0,96050287
-0,93064282
-0,22478795
0,9566896
0,94156395
0,02278899
-0,53060681
-0,41090812
0,84181185
0,61607103
0,08853474
-0,24063577
-0,8772448
-0,89708066
-0,33955428
0,01714956
0,34218766
0,52856637
-0,87260119
-0,87532557
0,57552314
0,99478701
0,82723215
-0,43459326
-0,98909213
-0,65267629
0,33483982
0,98289336
0,88839557
-0,05473398
-0,62044708
-0,81781988
-0,99698147
-0,7776012
0,63667593
0,63243357
-0,81619824
-0,99179797
-0,9670719
-0,87137231
-0,16390916
0,36669435
0,65395128
-0,59702407
-0,66585097
-0,06848646
0,84369079
0,8695997
0,24649158
-0,52715938
-0,72820495
-0,94890559
-0,5594455
0,98679127
0,99699629
-0,01562738
-0,14358645
-0,03748728
0,3272342
0,93210423
0,87867112
-0,04458108
-0,3864878
-0,97254721
-0,96529601
-0,25963942
0,52440011
0,91578349
0,08462703
-0,56889823
-0,96113824
-0,39937645
0,82970779
0,98682752
0,57060952
-0,67772172
-0,65807473
0,79165412
0,71156897
0,55300676
0,54177126
-0,97584945
-0,97746192
0,67429599
0,95287954
0,87294375
0,78492751
0,16472417
-0,91036001
-0,99172107
-0,42284693
0,82966007
0,99993435
0,54567811
-0,99997472
-0,9948452
-0,10379687
0,33474847
0,15179802
-0,90538485
-0,98431488
-0,91140677
-0,79771351
0,73106557
0,73457517
-0,75004384
-0,99668006
-0,76398032
-0,45819005
0,14151794
0,99988648
0,97504997
0,38288049
-0,96372195
-0,99916159
-0,45729522
0,95048714
0,9419692
-0,17811671
-0,28468596
0,0064974
0,90187877
0,99956103
0,97050241
0,82572535
-0,62425326
-0,63309598
0,74583556
0,98886838
0,76091496
0,38632799
-0,19453809
-0,99993284
-0,97128257
-0,37456861
0,95663483
0,9991991
0,46866403
-0,971939
-0,96170368
0,08342866
0,31221733
0,06392112
-0,91291475
-0,99222862
-0,90436893
-0,77791411
0,78753675
0,78860295
-0,76072069
-0,99984219
-0,81357998
-0,63876744
-0,04746421
0,93972848
0,98763885
0,39876899
-0,79048003
-0,99965767
-0,52792798
0,97515498
0,99978909
0,34032809
-0,53210529
-0,45864292
0,85658169
0,78112708
0,52458262
0,46044855
-0,99826905
-0,99886414
0,57972388
0,81878091
0,98899608
0,92218842
0,26126396
-0,56489971
-0,92248437
-0,04223714
0,52348178
0,896503
0,18770411
-0,68519884
-0,99918373
-0,63628826
0,98168276
0,97619893
-0,27972839
-0,226814
0,01519352
0,4626009
0,89821407
0,8602846
0,31577544
-0,0554779
-0,6327155
-0,86360363
0,33229288
0,49697859
0,12609328
-0,87392755
-0,88993659
0,02906472
0,82062375
0,86287245
0,56148399
-0,04540648
-0,74768095
-0,97780802
-0,68815212
0,59215869
0,57322227
-0,83964728
-0,94976155
-0,98374015
-0,89269475
0,23883842
0,36414165
-0,29776323
-0,99774437
-0,96792399
0,54924594
0,99780262
0,65351592
-0,2757886
-0,96714084
-0,61758558
0,30986752
0,96641724
0,9896906
0,39941046
0,02500244
-0,86174262
-0,93292291
-0,40499377
0,04463557
0,09824103
-0,21862988
-0,97221863
-0,92844125
0,38293927
0,79641831
0,87173135
0,81137408
0,12566372
-0,99994056
-0,98245173
-0,35256722
0,96058033
0,94838502
-0,04307098
-0,40396379
-0,20743799
0,91010148
0,86923207
0,5361203
0,41514589
-0,99869626
-0,99838361
0,46329074
0,64120177
0,9710858
0,94236242
0,08115881
-0,3639302
-0,55666896
0,61727501
0,69122587
0,24528309
-0,66484294
-0,75519867
-0,67905486
-0,04484917
0,74144318
0,9821215
0,67739081
-0,67174605
-0,65892551
0,81424615
0,85882858
0,87563668
0,83622379
-0,58182209
-0,60712904
0,61962698
0,97907425
0,78441345
-0,24377718
-0,8456605
-0,63650192
-0,38213903
0,57767171
0,5149388
0,23611012
-0,84508607
-0,49161104
0,21117881
0,86707939
0,95378126
0,97696491
0,77833402
-0,79289141
-0,7928854
0,77843122
0,97634852
0,95529804
0,86865788
0,21039215
-0,48594014
-0,83963492
0,24919621
0,51826488
0,56305208
-0,40002522
-0,6410266
-0,83409281
-0,22461703
0,77651288
0,97975999
0,62889374
-0,62746019
-0,60564904
0,82877598
0,85862761
0,83907622
0,80308744
-0,68840376
-0,69816953
0,68735912
0,98431528
0,73401483
-0,00103576
-0,64250133
-0,77623661
-0,70147487
0,19520352
0,71897463
0,66097359
-0,50799981
-0,36363068
0,047539
0,94170064
0,95354334
0,58900803
0,41024361
-0,99329177
-0,99413999
0,35484341
0,47750355
0,8287045
0,89780631
-0,27283323
-0,43510949
0,03673325
0,96772033
0,98077449
-0,39502415
-0,98957818
-0,99678474
0,18473301
0,85373106
0,90441352
0,73298723
0,30649485
-0,90090099
-0,9624959
-0,3119372
0,09898087
0,04948828
-0,49016134
-0,92754585
-0,84160524
-0,08738268
0,30327722
0,96577527
0,96992733
0,28375723
-0,56297602
-0,94572719
-0,19707339
0,61538324
0,99122831
0,51481732
-0,93232556
-0,99273199
-0,39829311
0,43338629
0,34452453
-0,88397824
-0,94963355
-0,89537081
-0,81073747
0,68337076
0,69144545
-0,71862877
-0,98755119
-0,73454554
-0,19556159
0,4278959
0,92122189
0,888164
0,15287808
-0,94898426
-0,93279032
-0,02882577
0,57589909
0,47814712
-0,79922524
-0,52510993
0,02977434
0,47131463
0,85582238
0,90203076
0,59195891
0,02568942
-0,18018451
-0,0964793
0,99772875
0,99998381
-0,61984189
-0,99873053
-0,64785692
0,02768906
0,8071577
0,52871017
0,12358258
-0,85761234
-0,47759405
0,23388327
0,94613261
0,99896072
0,68025789
0,4435278
-0,9903896
-0,99339566
0,27683047
0,35897937
0,63728093
0,78168354
-0,63892621
-0,66635722
0,48187627
0,99497239
0,91019753
-0,4969688
-0,99607294
-0,68324075
0,35129941
0,98568653
0,83870985
-0,17658182
-0,7834255
-0,87882831
-0,9765306
-0,72657852
0,91572145
0,91550154
-0,68499685
-0,76861281
-0,9295922
-0,90195057
0,24747288
0,39613285
-0,16351101
-0,99636684
-0,99963688
0,52975523
0,99999196
0,85755297
-0,41242883
-0,98742607
-0,96572506
0,01886835
0,61848741
0,80338427
0,999631
0,7532934
-0,81670682
-0,81608296
0,76104266
0,86427787
0,96974556
0,90684028
-0,17717596
-0,35318604
0,10956082
0,99391873
0,99987101
-0,53527632
-0,99998829
-0,85407278
0,42029913
0,98984805
0,94779541
-0,08518237
-0,69770755
-0,82970635
-0,9893115
-0,72816766
0,90918873
0,90895173
-0,68001056
-0,73296817
-0,87609939
-0,8744753
0,40738981
0,48733207
-0,37802372
-0,99695826
-0,95187107
0,53049688
0,99801026
0,67945547
-0,33695085
-0,98321087
-0,74308305
0,28189727
0,90909254
0,9697898
0,79635303
0,50585412
-0,99301528
-0,99662684
0,24181673
0,29083987
0,4592002
0,59809988
-0,88381989
-0,88497775
0,66336604
